Volume3d,BaryCenterX,BaryCenterY,BaryCenterZ,Anisotropy,Elongation,Flatness,EigenVal1,EigenVal2,EigenVal3,EigenVec1X,EigenVec1Y,EigenVec1Z,EigenVec2X,EigenVec2Y,EigenVec2Z,EigenVec3X,EigenVec3Y,EigenVec3Z,ExtentMin1,ExtentMin2,ExtentMin3,ExtentMax1,ExtentMax2,ExtentMax3,BinMom2x,BinMom2y,BinMom2z,BinMomxy,BinMomxz,BinMomyz,VoxelFaceArea,BorderVoxelCount,GreyMass,index
1.23E+07,2522.45,3133.28,158.104,0.566684,0.620634,0.698182,6531.44,4053.63,2830.18,-0.0589749,0.9746,-0.216047,0.626583,0.204621,0.752013,0.77712,-0.0910219,-0.622736,-189.34,-134.644,-123.481,176.066,156.352,113.675,3323.39,6397.03,3694.83,-55.8755,623.651,-591.075,416096,0,1.23E+07,1
2488,680.238,3085.92,19.2219,0.595083,0.570647,0.709574,23.3728,13.3376,9.46402,0.789393,-0.37723,0.48431,0.537168,0.806353,-0.247479,-0.297168,0.455514,0.839165,-10.0611,-8.82433,-7.27117,12.5,8.76195,7.70486,19.2488,13.9619,12.9636,-2.46395,4.80251,-3.31407,1448,0,4976,2
5.04E+07,2727.57,2523.66,268.413,0.400691,0.913656,0.655947,13302.2,12153.6,7972.14,0.112943,-0.596205,-0.794848,0.882271,-0.307756,0.356209,0.456992,0.741502,-0.491256,-246.464,-274.611,-222.915,275.529,264.396,216.107,11295,10262.8,11870.2,-1494.29,835.638,2067.49,1.07E+06,0,1.51E+08,3
7.55E+07,2881.68,2895.55,322.847,0.491494,0.604289,0.841494,20844.1,12595.9,10599.4,0.592079,-0.38376,0.70864,0.579455,0.813847,-0.0434084,0.560066,-0.436326,-0.704234,-317.915,-237.116,-232.529,315.449,256.499,205.589,14861.1,13430.5,15747.7,-1386.24,4248.19,-2856.58,1.43E+06,0,3.02E+08,4
904,1241.5,2694.76,43.8407,0.526393,0.537078,0.881822,11.5838,6.22141,5.48618,0.00853903,-0.553426,0.832854,0.623126,0.654347,0.428421,0.782075,-0.515315,-0.350442,-7.65274,-5.84143,-6.1665,8.76892,5.66197,5.72049,5.7721,7.66857,9.85073,0.270969,0.239643,-2.60443,744,0,4520,5
2.09E+07,2940.67,2284.59,246.239,0.750136,0.550566,0.453831,11827.6,6511.87,2955.29,0.797491,0.229435,0.558003,-0.469178,-0.345631,0.812657,-0.379315,0.90989,0.167992,-262.7,-171.931,-125.157,210.028,182.871,130.96,9380.91,3847.2,8066.64,2200.13,2592.14,136.909,609856,0,1.25E+08,6
8.13E+07,2048.67,2841.36,389.412,0.577643,0.573506,0.736447,23514.2,13485.5,9931.37,-0.00146189,0.137834,0.990454,0.983194,-0.180618,0.0265864,0.182558,0.973848,-0.135253,-342.914,-267.473,-246.795,314.417,259.08,218.771,13367.1,10305.4,23258.6,-633.891,73.2367,1837.23,1.45E+06,0,5.69E+08,7
1.57E+08,1331.65,2237.83,431.553,0.212096,0.940597,0.837664,25183.1,23687.2,19841.9,-0.00962859,0.658914,0.752157,0.992947,0.0951873,-0.0706762,-0.118165,0.746171,-0.655183,-397.847,-366.057,-331.264,327.179,339.604,317.898,23633.6,22195.7,22882.9,329.554,-308.536,2621.29,2.26E+06,0,1.25E+09,8
2.02E+07,1683.05,2720.33,221.18,0.61341,0.697122,0.554552,9065.5,6319.76,3504.63,0.361171,0.898846,-0.248259,0.782899,-0.147656,0.604373,-0.506581,0.412643,0.757034,-217.2,-196.744,-133.658,210.778,192.585,127.919,5955.5,8058.76,4875.63,1479.83,833.406,-1492.11,592808,0,1.82E+08,9
2.55E+07,1230.75,2993.07,318.26,0.491232,0.907954,0.560346,9225.58,8376.4,4693.68,0.522363,0.296552,0.799496,0.0871872,0.914092,-0.396023,0.848255,-0.276573,-0.451632,-270.559,-209.439,-135.402,186.363,210.587,166.075,5958.26,8169.37,8168.02,995.526,1765.48,-258.672,713888,0,2.55E+08,10
4.50E+07,1755.59,3116.17,349.868,0.575773,0.667544,0.635504,15618.3,10425.9,6625.69,0.526633,0.422657,0.737576,0.727353,0.22507,-0.648306,-0.440017,0.877898,-0.188892,-253.364,-245.61,-195.003,304.831,231.4,170.571,11130.2,8424.62,13115,2623.73,1701.04,2248.86,1.02E+06,0,4.95E+08,11
6.10E+07,1431.83,1351.11,471.233,0.624399,0.548981,0.684178,20933.4,11492.1,7862.61,0.149151,0.516427,0.843242,0.623898,0.612454,-0.485439,0.767141,-0.598501,0.23085,-342.365,-256.835,-210.372,306.459,231.659,193.718,9566.14,12710,18012,2393.63,544.686,4612.93,1.27E+06,0,7.32E+08,12
1.29E+06,2336.5,2829.44,199.316,0.645412,0.80647,0.439679,1422.19,1146.95,504.292,0.522168,0.726193,0.447196,0.431291,-0.677218,0.596124,0.73575,-0.118406,-0.666822,-82.9925,-72.1528,-51.2185,81.8579,75.8433,51.5688,874.109,1283.09,916.236,160.355,379.57,38.6412,92720,0,1.68E+07,13
5.57E+06,2720.94,822.32,256.433,0.486716,0.781672,0.656648,3437.4,2686.92,1764.36,0.990846,0.126385,-0.0474355,0.0129107,0.261059,0.965237,-0.134375,0.957014,-0.257038,-134.372,-121.565,-102.779,133.246,123.18,90.3402,3407.07,1853.96,2627.66,212.621,-67.1382,222.44,248912,0,7.79E+07,14
1.06E+08,2687.16,1362.06,440.971,0.276225,0.930902,0.777499,20065.4,18678.9,14522.8,0.0340508,0.998331,0.0466467,-0.174281,-0.0400272,0.983882,0.984107,-0.0416316,0.172628,-326.56,-284.231,-256.81,299.41,307.432,286.515,14655.5,20053.5,18558.1,217.406,-703.849,94.4354,1.68E+06,0,1.59E+09,15
4.00E+06,2515.74,2805.5,263.342,0.803267,0.494997,0.397443,4624.34,2289.03,909.76,-0.353392,0.652525,-0.670318,0.845405,0.529546,0.0697925,-0.400506,0.542026,0.738785,-168.599,-116.983,-79.6333,155.338,99.8974,59.5057,2359.44,2878.16,2585.54,-239.096,961.309,-1573.78,215992,0,6.40E+07,16
32,1329,2731,178,1,1,0,1,1,0,0,1,0,1,0,0,0,0,1,-2,-2,-1,2,2,1,1,1,0,0,0,0,64,0,544,17
7.79E+07,1084.72,958.005,432.882,0.518564,0.81935,0.587583,19583.1,16045.4,9428.01,0.950787,-0.0418853,0.307002,-0.0895137,0.911441,0.401576,-0.296634,-0.409294,0.862836,-317.285,-279.432,-215.706,297.861,303.03,236.733,18661.2,14943.1,11452.3,-944.307,2726.33,2291.47,1.40E+06,0,1.40E+09,18
344,1290.93,2749.67,205.163,0.427448,0.87237,0.656318,4.68073,4.08333,2.67996,-0.611723,0.699777,-0.368927,0.349195,0.657333,0.667814,0.709829,0.27969,-0.646465,-5.09629,-4.53764,-4.08951,5.02497,4.79697,4.02177,3.59978,4.26609,3.57815,-0.534343,0.778799,0.0995133,360,0,6536,19
9.97E+06,3188.4,2473.93,339.975,0.616087,0.607257,0.63221,6291.76,3820.71,2415.49,0.983041,-0.154858,0.0982282,0.0145491,0.599811,0.800009,0.182806,0.785013,-0.591892,-185.256,-159.87,-126.182,165.828,128.225,117.138,6161.7,3014.01,3352.25,-577.83,390.657,615.338,377288,0,1.99E+08,20
4.21E+07,2319.46,2603.93,489.515,0.575672,0.66492,0.638164,14724.6,9790.69,6248.07,-0.347294,-0.242665,0.905815,0.766757,0.482623,0.423271,-0.539881,0.841539,0.018453,-279.365,-226.206,-193.389,264.543,231.665,177.045,9353.21,7572.39,13837.8,2025.34,-1516.84,-1139.54,952272,0,8.84E+08,21
2184,1981.41,1776.15,234.11,0.79765,0.356365,0.567815,33.7432,12.0249,6.82792,0.270815,0.151718,0.9506,0.950186,-0.200406,-0.238712,0.15429,0.967894,-0.198433,-15.9645,-9.33771,-6.17892,11.6233,8.74351,6.77891,13.494,7.65619,31.4458,0.11625,5.75019,4.13042,1440,0,48048,22
6.61E+07,1560.07,2832.04,505.986,0.669755,0.399094,0.827485,25454.5,10158.7,8406.21,0.562663,0.376417,0.736016,-0.465294,0.880107,-0.0944051,0.683309,0.289346,-0.670349,-341.388,-234.42,-183.928,346.919,237.449,228.691,14182.9,12179.3,17657.2,2893.08,7137.17,4577.6,1.34E+06,0,1.52E+09,23
1.11E+08,2509.26,3006.96,589.443,0.352039,0.724107,0.894841,23580.9,17075.1,15279.5,0.0677268,0.328719,0.941996,0.877207,0.430186,-0.213186,-0.475312,0.840764,-0.259219,-374.605,-318.171,-273.342,344.796,322.694,303.094,16699.3,16508.8,22727.4,862.405,193.825,2405.87,1.80E+06,0,2.68E+09,24
208,1308.31,2733.77,239.615,0.732492,0.384447,0.695825,5.78121,2.22257,1.54652,0.217187,0.785472,0.579538,0.0877787,-0.60702,0.789824,0.972175,-0.120668,-0.200784,-4.96363,-4.02261,-3.34855,6.07267,3.93038,3.18305,1.75148,4.40828,3.39053,0.686391,0.579882,1.60355,272,0,5200,25
136,1923.41,1792.59,240.235,0.554718,0.623601,0.71405,3.05064,1.90238,1.3584,0.865244,0.450431,0.220145,-0.401087,0.358448,0.842997,-0.300801,0.817696,-0.490807,-4.26877,-3.33113,-3.17785,4.26385,3.55993,3.07455,2.7128,1.77163,1.82699,0.581315,0.138408,0.33218,200,0,3536,26
1224,2462.9,1077.87,261.412,0.882378,0.227996,0.515894,31.6883,7.2248,3.72723,0.64878,0.366621,0.666839,-0.313426,0.927253,-0.204857,-0.693433,-0.0760977,0.716491,-11.8389,-6.71588,-4.3081,10.7795,7.03801,5.11509,15.8401,10.4927,16.3076,5.63424,12.3214,6.17147,992,0,33048,27
40,1707.2,2077.2,255.6,0.735859,0.574609,0.459688,1.39225,0.8,0.36775,0.605913,0.605913,-0.515499,-0.707107,0.707107,-2.06E-10,0.364513,0.364513,0.85689,-2.66039,-2.41421,-1.7878,2.79426,2.41421,1.92598,0.96,0.96,0.64,0.16,-0.32,-0.32,80,0,1120,28
1.00E+08,1905.3,2191.98,560.145,0.64138,0.775256,0.462583,26378.5,20450.1,9459.86,0.755309,0.429265,0.495216,-0.48963,-0.132656,0.86178,-0.435626,0.893383,-0.109985,-358.447,-338.964,-210.942,367.755,314.975,251.222,21746.6,12770.8,21771,6199.34,1690.9,2340.14,1.70E+06,0,2.91E+09,29
1.48E+08,2020.59,1797.62,678.624,0.584805,0.544635,0.762335,36155.6,19691.6,15011.6,0.049805,0.0779244,0.995714,0.956972,0.281633,-0.0699077,-0.285874,0.956353,-0.0605447,-419.887,-324.62,-314.984,444.139,337.678,285.452,19350,15511.2,35997.7,1343.4,735.473,1548.43,2.21E+06,0,4.45E+09,30
256,2118.81,2071.94,274.563,0.883516,0.159388,0.73082,12.2618,1.95439,1.42831,0.413768,0.797556,-0.438977,0.905965,-0.313285,0.284746,-0.0895762,0.515517,0.852185,-8.40819,-3.72778,-3.25787,6.68383,3.70801,3.36105,3.71484,8.37109,3.55859,3.42578,-1.83203,-3.83984,336,0,7936,31
1.10E+08,2747.08,1863.45,623.25,0.469819,0.711411,0.745253,25128.2,17876.5,13322.5,0.0755263,0.0547769,0.995638,-0.329018,0.943938,-0.0269742,0.941299,0.325545,-0.0893147,-348.778,-307.747,-306.941,343.901,293.138,248.734,13882.8,17415.6,25028.7,-1365.5,928.168,527.905,1.78E+06,0,3.53E+09,32
5288,2083.77,2097.99,281.976,0.912805,0.295069,0.295507,86.575,25.5456,7.5489,0.436088,0.804342,-0.403561,0.863905,-0.499757,-0.0625365,0.251983,0.321367,0.912813,-23.0416,-10.5947,-7.43881,19.0039,13.9522,7.12942,36.009,63.1709,20.4896,19.9495,-14.8799,-25.0895,2800,0,174504,33
88,2146.36,2212,278,0.618034,0.502533,0.760081,2.6313,1.32231,1.00507,0,0.850651,0.525731,1,0,0,0,-0.525731,0.850651,-3.75276,-3.36364,-2.7013,3.75276,2.63636,2.7013,1.32231,2.18182,1.45455,0,0,0.727273,152,0,2992,34
12776,2178.71,2209.4,297.162,0.946567,0.423627,0.126131,183.873,77.8933,9.82477,-0.236967,0.881815,0.407737,0.903678,0.0459885,0.425737,-0.35667,-0.469349,0.807774,-35.5774,-20.0782,-9.14083,32.2252,24.0292,7.92357,75.1852,145.308,51.0977,-33.5404,9.37138,63.9113,6256,0,447160,35
2.11E+07,2825.79,1015.22,531.997,0.759974,0.346404,0.692909,14165.9,4907.12,3400.19,0.543236,0.381051,0.748127,0.740802,0.20179,-0.640697,-0.395103,0.902264,-0.172663,-251.207,-175.146,-123.695,254.591,132.635,123.354,7404.19,5024.72,10044.3,2453.77,3660.05,2874.2,629080,0,7.58E+08,36
312,2209.18,2176.77,296.205,0.787729,0.366132,0.579767,8.72393,3.19411,1.85184,0.754756,0.410938,0.511345,-0.495396,0.868016,0.033641,-0.430031,-0.278709,0.858717,-6.68799,-3.99538,-3.58945,6.06188,4.62732,3.56285,6.09599,4.02367,3.65023,1.55424,2.62985,1.48323,376,0,11544,37
384,2150.04,2251.71,296.375,0.561458,0.625526,0.701078,6.30918,3.94655,2.76684,0.353413,0.872186,0.338218,-0.417518,-0.176476,0.891367,0.837125,-0.456233,0.301784,-5.75917,-4.93381,-4.62962,5.98483,5.03217,4.21806,3.41493,5.49826,4.10938,1.17882,-0.015625,0.859375,416,0,14592,38
752,2110.83,1977,303.66,0.719454,0.345458,0.812097,14.4355,4.98686,4.04982,0.107985,0.838023,0.534842,0.632251,-0.473063,0.613572,0.767202,0.271898,-0.580924,-7.84338,-5.54497,-4.80253,9.31397,5.26018,5.28623,4.5455,11.5532,7.37347,0.659574,0.963332,4.38298,680,0,29328,39
632,2124.46,1996.71,309.165,0.716737,0.561981,0.504044,10.8988,6.1249,3.08722,0.946706,0.108501,-0.303273,-0.104409,0.99409,0.0297247,0.304706,0.00352392,0.95244,-9.72489,-6.08571,-4.16245,6.9591,6.12346,4.78511,10.1215,6.18106,3.80836,0.487101,-2.2522,-0.167281,584,0,25280,40
1.58E+08,1714.8,1053.35,652.651,0.317931,0.740617,0.920947,28907.6,21409.5,19717,0.55692,0.637263,0.532668,-0.727613,0.0650683,0.682895,-0.400524,0.767895,-0.499918,-410.646,-363.723,-328.223,377.138,325.18,307.663,23463.6,23456.5,23114,3181.67,1885.47,3194.97,2.18E+06,0,6.46E+09,41
104,2552,1694.77,320.923,0.705646,0.722007,0.407689,2.79371,2.01708,0.822341,-0.0968192,0.538733,0.836895,0.917315,0.374577,-0.135003,-0.386212,0.754625,-0.530454,-3.86072,-3.26815,-2.60008,4.23812,3.42027,2.41842,1.84615,1.56213,2.22485,0.307692,-0.307692,0.828402,176,0,4368,42
656,2116.39,2013.73,323.268,0.732953,0.351376,0.760005,12.8227,4.50558,3.42426,0.12735,0.937035,0.325187,0.986121,-0.0844056,-0.14297,0.10652,-0.338881,0.93478,-8.70701,-5.45657,-4.86538,7.96693,5.05596,4.77658,4.6282,11.6841,4.44021,1.03153,0.236764,2.87686,584,0,28208,43
6.49E+07,2674.37,2359.56,598.329,0.572671,0.678107,0.630179,19162.3,12994.1,8188.61,0.441864,-0.645253,-0.623222,0.802108,-0.0269266,0.596572,0.401721,0.763495,-0.505664,-283.971,-259.965,-230.774,324.857,250.373,207.803,13422.9,12761,14161.1,-3232.55,-722.432,4335.73,1.25E+06,0,2.86E+09,44
2.48E+07,1872.4,1425.33,552.512,0.815115,0.30347,0.609235,18754.2,5691.34,3467.36,0.805389,-0.290873,0.51647,-0.274225,0.589622,0.759702,0.525499,0.753485,-0.39511,-245.518,-189.963,-129.217,307.395,178.362,159.676,13550.4,5533.91,8828.56,-3940.78,5895.38,-1300.3,730480,0,1.11E+09,45
2496,2498.33,1702.37,365.968,0.961001,0.109471,0.356247,92.8936,10.1692,3.62274,-0.614169,0.0425048,0.788029,0.294348,0.93883,0.178768,0.732226,-0.341748,0.589112,-20.9343,-9.45759,-5.3163,19.6166,7.60009,4.89796,37.8632,9.55408,59.2682,-0.521368,-42.8611,4.08884,1872,0,114816,46
7.33E+07,1852.12,2567.15,666.761,0.622457,0.540481,0.698532,23481.8,12691.5,8865.39,0.60161,0.0414656,0.797713,0.798729,-0.043547,-0.600113,0.00985398,0.99819,-0.0593181,-371.777,-248.093,-206.112,327.362,280.475,245.712,16596.5,8897.77,19544.4,231.543,5180.65,583.463,1.41E+06,0,3.44E+09,47
8,2760,2128,354,-1,-1,-1,0,0,0,0,0,1,0,1,0,1,0,0,-1,-1,-1,1,1,1,0,0,0,0,0,0,24,0,384,48
8920,2512.32,1689.88,402.319,0.983949,0.04502,0.356526,416.146,18.7349,6.67947,-0.668474,-0.174944,0.722867,0.73319,-0.318105,0.601034,0.124801,0.931774,0.340912,-41.5061,-12.8289,-7.14917,38.2932,11.3328,7.1849,196.134,20.4312,224.996,45.0736,-192.549,-54.0865,4904,0,437080,49
2.50E+07,1507.55,1714.83,564.177,0.698182,0.45594,0.661969,13618.6,6209.27,4110.34,0.889778,-0.27919,0.361038,0.326215,0.942293,-0.0752816,-0.319186,0.18476,0.929508,-268.092,-155.005,-144.17,263.724,195.342,168.723,11861.4,6715.16,5361.62,-1716.83,3002.92,-1107.31,668472,0,1.25E+09,50
272,957.529,2086.47,391.176,0.785294,0.253009,0.848609,8.37401,2.1187,1.79795,0.476992,0.736461,-0.479691,0.207535,0.43597,0.875705,0.854054,-0.517257,0.055113,-6.37635,-3.88915,-3.72551,6.30145,3.77262,3.39882,3.30796,5.42561,3.55709,2.3391,-1.44637,-2.20069,320,0,13872,51
64,2475,1699,396,0.854102,0.381966,0.381966,2.61803,1,0.381966,-0.525731,0,0.850651,0,1,0,0.850651,0,0.525731,-3.22703,-2,-1.85065,3.22703,2,1.85065,1,1,2,0,-1,0,112,0,3328,52
5.62E+07,3061.2,2460.17,663.884,0.521509,0.667242,0.717117,16813.2,11218.5,8044.96,0.125449,-0.0669525,0.989838,-0.583318,0.802066,0.12818,0.802498,0.59347,-0.0615639,-271.57,-240.529,-215.567,314.54,244.054,216.438,9262.77,10125.8,16688.1,-1558.4,851.509,-254.827,1.10E+06,0,2.98E+09,53
264,931.758,2091.45,400.788,0.705484,0.412694,0.713642,6.24371,2.57674,1.83887,0.334365,0.760183,0.557066,0.612221,-0.624585,0.48485,0.716509,0.17893,-0.674239,-5.76679,-4.04788,-3.42138,5.47416,3.89377,3.59339,2.6079,4.67218,3.37925,0.837466,1.03949,1.64187,304,0,14256,54
648,2410.72,1697.93,428.321,0.92047,0.112581,0.706429,29.7602,3.35043,2.36684,-0.573865,-0.00324196,0.818944,0.708893,0.498746,0.498722,-0.410062,0.866742,-0.283914,-9.70569,-4.62312,-4.01801,12.7804,4.62266,4.06581,11.8823,2.6118,20.9834,0.39872,-12.5261,0.171925,696,0,35640,55
1.10E+08,1072.11,1850.37,724.592,0.445768,0.881084,0.629035,22830.7,20115.8,12653.5,0.760476,-0.41707,0.497723,-0.422768,0.26379,0.866996,0.492892,0.869751,-0.0242822,-339.05,-317.856,-273.272,342.855,336.951,270.366,19873,14943.1,20784,-4060.13,1116.94,-405.985,1.79E+06,0,6.15E+09,56
1.08E+08,2358,2132.08,819.936,0.594746,0.528662,0.766566,29510,15600.8,11959,0.0169501,-0.212825,0.976943,-0.214294,0.953605,0.211459,0.976622,0.212937,0.0294435,-398.177,-293.59,-280.43,378.767,302.234,265.713,12131.3,16065.7,28872.8,-807.514,125.606,-2914.81,1.78E+06,0,6.13E+09,57
360,906.356,1724.31,432.756,0.575486,0.552848,0.767867,6.2515,3.45613,2.65385,0.653088,0.716569,0.244959,0.402062,-0.602216,0.689697,0.641734,-0.351944,-0.681405,-5.81267,-4.86465,-4.03335,6.32832,4.48652,4.04244,4.31802,4.7921,3.25136,1.48938,0.798025,0.298272,384,0,20880,58
2544,2422.93,1714.13,447.352,0.883731,0.304312,0.382071,56.9835,17.3408,6.62539,0.430765,0.012185,0.902382,0.301668,0.940447,-0.156704,-0.850552,0.339723,0.401436,-17.8406,-11.5319,-6.67196,12.8392,11.0871,6.45597,16.9449,16.11,47.8948,3.3043,19.0684,-1.02543,1768,0,150096,59
576,2447.19,1739.94,445.111,0.819377,0.401976,0.449338,13.3761,5.37686,2.41603,0.645489,0.567713,-0.510927,-0.175028,0.761103,0.62457,0.743445,-0.313726,0.590649,-6.93285,-6.08623,-4.0486,9.1293,6.17706,4.22082,7.0733,7.66358,6.4321,3.62191,-3.93827,-1.7716,584,0,34560,60
64,2436.25,1726.75,444.25,0.597947,0.90944,0.442089,1.64937,1.5,0.663133,0.600751,0.527443,0.600751,-0.707107,8.81E-16,0.707107,-0.372959,0.84959,-0.372959,-2.89746,-2.41421,-2.19663,2.56043,2.41421,2.24847,1.4375,0.9375,1.4375,0.3125,-0.0625,0.3125,120,0,3904,61
64,2444.25,1644,453.75,0.466667,0.533333,1,1.875,1,1,0.707107,0,-0.707107,0,1,0,0.707107,0,0.707107,-2.76777,-3,-2.41421,3.47487,3,2.41421,1.4375,1,1.4375,0,-0.4375,0,128,0,3968,62
1.69E+08,1307.11,2696.31,868.056,0.56191,0.707202,0.619469,35777.6,25301.9,15673.8,0.576224,-0.0595999,0.815116,0.812984,-0.060463,-0.579138,0.0838009,0.99639,0.0136136,-418.573,-390.649,-302.279,444.851,344.531,297.64,28712.6,15780.4,32260.3,-1163.7,4909.3,-639.515,2.41E+06,0,1.06E+10,63
2.58E+07,2759.45,2709.29,687.107,0.590315,0.59856,0.684451,11070.4,6626.31,4535.38,0.454795,0.161495,0.875831,0.885229,0.0258326,-0.464438,-0.0976297,0.986535,-0.131212,-254.389,-187.113,-159.159,226.275,186.377,166.596,7525.6,4707.22,9999.3,527.796,1743.41,899.246,678992,0,1.65E+09,64
1200,1556.04,1928.44,465.52,0.741603,0.338442,0.763491,19.9067,6.73725,5.14383,0.0264789,0.987833,-0.153245,0.629232,0.102649,0.770409,0.776767,-0.116826,-0.618858,-9.77138,-6.17086,-5.38785,9.00638,6.05016,5.53537,5.78507,19.5664,6.43627,0.489067,0.712533,-2.1088,872,0,78000,65
1016,2439.65,1713.72,479.118,0.930157,0.125821,0.555099,58.9254,7.41403,4.11552,0.171455,0.153394,0.973177,0.370355,0.905315,-0.207947,0.912929,-0.396075,-0.0984101,-10.4565,-6.97105,-5.76989,18.8313,7.2271,5.55623,6.17918,8.10862,56.1672,2.54746,8.89131,7.56104,1000,0,67056,66
47728,2381.1,1752.64,492.888,0.960815,0.0716346,0.547018,887.941,63.6073,34.7943,0.621688,0.779402,0.0776885,-0.55533,0.368653,0.745455,0.552369,-0.506584,0.662013,-74.1832,-27.9752,-27.9373,60.7986,33.7456,14.2721,373.418,556.969,55.9549,407.489,29.2775,59.5767,16512,0,3.20E+06,67
9432,1618.02,1928.29,493.467,0.976367,0.0510825,0.462644,440.733,22.5137,10.4158,-0.377927,0.92387,-0.0603008,0.599364,0.293783,0.744617,0.705645,0.245269,-0.664762,-37.2624,-13.8245,-9.13059,38.5045,14.8761,7.86412,76.2236,378.751,18.6883,-148.117,15.2059,-21.3265,5112,0,641376,68
992,1635.27,1881.6,491.645,0.317764,0.776053,0.879109,9.66744,7.50244,6.59547,0.755323,0.655337,-0.00443854,-0.258532,0.304187,0.916859,-0.602202,0.691378,-0.399185,-7.33352,-6.75787,-6.24659,7.65351,6.6616,6.08836,8.40869,7.9987,7.35796,1.44927,-0.225286,0.244017,760,0,68448,69
24,2404.67,1676,489.333,1,0.333333,0,1.33333,0.444444,0,0.707107,0,0.707107,0.707107,0,-0.707107,0,1,0,-2.41421,-1.94281,-1,2.41421,1.4714,1,0.888889,0,0.888889,0,0.444444,0,56,0,1680,70
984,2436.26,1694.15,497.333,0.956105,0.114239,0.384241,53.3404,6.09357,2.3414,-0.0623053,0.984799,0.16214,-0.45449,-0.172629,0.873864,0.88857,-0.0192445,0.458337,-13.2863,-7.1166,-4.55406,17.3855,6.10908,4.45676,3.31443,51.9135,6.54743,-2.83482,-2.00542,7.57724,1000,0,69864,71
520,1548.4,1915.14,496.8,0.618377,0.621465,0.614069,7.98578,4.96288,3.04755,0.276562,0.388294,0.879057,0.960928,-0.10089,-0.257755,-0.0113965,0.915996,-0.401025,-6.54874,-5.62431,-4.37428,6.57159,5.29592,4.74859,5.19385,3.8116,6.99077,0.344615,0.726154,1.73538,488,0,37440,72
1.01E+08,3053.44,1424.07,798.899,0.341401,0.86321,0.762965,20394,17604.3,13431.5,0.505422,0.853991,-0.123482,-0.276428,0.295813,0.914375,0.817396,-0.428011,0.385578,-316.575,-307.444,-283.029,314.79,283.092,258.33,15528.9,18874.4,17026.4,2663.99,-1489.26,394.467,1.64E+06,0,7.36E+09,73
72,2421.33,1812,498.444,0.812958,0.202411,0.924069,3.69628,0.748167,0.691358,-0.255099,-0.590969,0.765297,-0.186881,0.806694,0.560642,0.948683,8.52E-10,0.316228,-4.22273,-2.49505,-2.40546,3.71253,2.23963,2.12437,0.888889,1.77778,2.46914,0.444444,-0.592593,-1.33333,128,0,5328,74
7.11E+07,873.824,1173.02,795.156,0.489013,0.551903,0.925864,20657.9,11401.2,10555.9,0.490484,0.0951231,0.866243,0.842534,-0.305699,-0.44349,0.222624,0.947365,-0.230085,-311.82,-280.358,-249.799,322.624,244.251,242.507,13586.2,10726.3,18302.5,253.621,3976.29,946.995,1.34E+06,0,5.34E+09,75
6.49E+07,2437.91,1646.02,844.891,0.553534,0.591921,0.754266,20221.7,11969.7,9028.31,0.246841,0.2627,0.932769,0.968722,-0.0416205,-0.244634,-0.0254431,0.963979,-0.264757,-319.155,-256.502,-179.164,304.399,274.331,228.985,12470.6,9805.88,18943.2,607.248,1880.19,2772.77,1.28E+06,0,4.93E+09,76
2368,2377.32,1260.84,549.872,0.827737,0.434585,0.396385,33.7102,14.6499,5.80702,-0.55187,0.354578,0.754794,0.428141,0.897183,-0.108431,-0.715636,0.263318,-0.646938,-11.9501,-8.5691,-6.4751,14.9082,10.0672,5.65825,15.9262,16.4332,21.8078,-2.06337,-12.0336,6.60756,1488,0,182336,77
80,2392.4,1806.8,549.2,0.75,0.3,0.833333,3.2,0.96,0.8,0.771517,-0.154303,0.617213,-0.267261,0.801784,0.534522,-0.57735,-0.57735,0.57735,-3.77746,-2.71047,-2.1547,4.08607,2.49666,2.1547,2.24,0.96,1.76,-0.32,1.12,-0.16,136,0,6240,78
32,2388,1815,549,1,1,0,1,1,0,0,0,1,0,1,0,1,0,0,-2,-2,-1,2,2,1,0,1,1,0,0,0,64,0,2528,79
2.88E+07,1502.35,1971.03,786.369,0.470303,0.635498,0.833515,10661.2,6775.18,5647.21,-0.362894,0.0803696,0.928358,0.686832,0.696359,0.208197,-0.629738,0.713179,-0.307905,-246.591,-191.985,-173.215,241.98,185.137,186.596,6839.62,6226.57,10017.4,393.249,-1527.9,537.635,744936,0,2.30E+09,80
984,2040.98,1205.22,560.878,0.634531,0.659144,0.55446,12.4371,8.19782,4.54536,0.690407,-0.691273,-0.213259,0.635021,0.437896,0.636393,-0.346536,-0.574794,0.7413,-7.97909,-6.1337,-5.4197,8.26597,7.39769,5.16993,9.77989,9.01686,6.3835,-2.75074,0.314099,2.18124,768,0,79704,81
112,2363.29,1250,564.143,0.713355,0.460576,0.622361,3.29386,1.51707,0.944168,-0.0671984,0.748226,0.660031,0.966368,0.213392,-0.143519,0.24823,-0.628189,0.737401,-3.9588,-2.64875,-2.68087,3.80862,3.6435,2.54677,1.4898,2.28571,1.97959,0,-0.183673,1.14286,168,0,9184,82
200,1648.24,1913.28,566.24,0.832606,0.237279,0.705472,7.63623,1.81192,1.27826,-0.33409,0.917546,-0.215625,0.254234,0.308015,0.916783,0.907606,0.251469,-0.336176,-6.81214,-3.50887,-3.27424,6.13093,3.39032,3.02854,2.0224,6.6816,2.0224,-1.9072,0.5824,-1.1072,272,0,16600,83
3968,2390.86,1815.53,580.516,0.943902,0.762584,0.0735629,83.7256,63.8478,4.69683,-0.291255,-0.50121,0.814837,0.394581,0.712996,0.579606,0.87148,-0.490332,0.00989588,-18.5686,-17.4,-5.98828,21.1548,18.2455,6.00471,20.6102,54.6199,77.0401,28.1778,-5.22763,-7.83117,2688,0,333312,84
5.52E+07,1835.77,3193.49,792.675,0.238964,0.831036,0.915767,13263.2,11022.2,10093.8,0.685001,0.0492381,0.726876,0.0813548,0.986304,-0.14348,0.723985,-0.157419,-0.671614,-260.738,-256.197,-240.397,273.942,235.487,232.012,11587.1,11004.7,11787.5,181.398,1567.26,-17.9526,1.11E+06,0,4.69E+09,85
1.38E+07,2158.21,3080.26,745.949,0.670071,0.414503,0.795963,8901.21,3689.58,2936.77,0.589929,-0.230929,0.773728,0.365848,-0.777786,-0.511081,0.719819,0.584568,-0.374354,-231.884,-150.143,-126.499,219.985,156.948,139.867,5113.25,3710.25,6704.05,-1026.76,2581.68,-766.457,463480,0,1.18E+09,86
856,1648.22,1908.69,588.486,0.678626,0.697127,0.460998,11.863,8.27002,3.81246,0.508091,-0.475317,0.718274,0.614842,-0.383846,-0.688935,0.603169,0.791667,0.0972168,-6.9904,-7.28813,-4.71415,9.10897,6.82566,5.01996,7.57586,6.28806,10.0816,-2.99624,1.04987,-1.56974,720,0,74472,87
16,1034,2484,583,1,0,-1,1,0,0,0,0,1,1,0,0,0,1,0,-2,-1,-1,2,1,1,0,0,1,0,0,0,40,0,1408,88
2.95E+07,1311.4,1102.01,817.051,0.549546,0.587417,0.766838,12000.9,7049.53,5405.84,0.465481,-0.222795,0.856557,0.83102,-0.222969,-0.509598,0.304522,0.949024,0.08136,-236.538,-217.037,-161.951,239.97,165.687,172.639,7969.92,5814.92,10671.4,-988.512,1933.44,-1071.82,735272,0,2.63E+09,89
9.66E+07,2499.01,1291.42,917.976,0.691916,0.516536,0.596442,30857.4,15939,9506.67,0.850464,0.0110543,0.525916,-0.461887,0.49414,0.736536,0.251734,0.869312,-0.425354,-411.153,-298.274,-241.95,377.631,313.993,235.812,26321.7,11079.9,18901.5,-1267.37,7361.38,2465.18,1.71E+06,0,8.69E+09,90
440,2413.64,1852.65,603.818,0.970115,0.0839438,0.356013,41.8433,3.51249,1.25049,0.581274,0.775131,-0.247575,0.113396,0.224122,0.967941,0.805768,-0.590713,0.0423795,-12.02,-4.9388,-3.42681,10.1754,5.25297,3.35951,14.995,25.7534,5.85785,18.3471,-5.59339,-7.29917,576,0,40040,91
632,2400.61,1832.81,606.405,0.707764,0.307383,0.950724,12.7406,3.91623,3.72326,-0.150568,-0.0724802,0.985939,0.907242,0.386065,0.166931,-0.392735,0.91962,0.00762793,-7.6109,-5.22672,-4.1647,8.63835,4.90775,4.96973,4.08652,3.79939,12.4942,0.165999,-1.30941,-0.63195,568,0,58144,92
16,2105,1224,616,1,0,-1,1,0,0,1,0,0,0,0,1,0,1,0,-2,-1,-1,2,1,1,1,0,0,0,0,0,40,0,1488,93
3.72E+06,2241.36,2461.09,743.927,0.698861,0.577835,0.521151,3545,2048.43,1067.54,0.851969,-0.141772,-0.504033,0.503332,0.486951,0.713818,-0.14424,0.861847,-0.486225,-116.083,-114.713,-79.4189,142.667,84.0417,81.0185,3114.31,1349.92,2196.73,-58.8273,-711.453,517.984,198936,0,3.50E+08,94
480,2672.5,1078.37,665.4,0.533687,0.625914,0.745011,7.10036,4.44421,3.31099,0.540873,0.753871,0.373009,0.725897,-0.6424,0.245756,-0.424889,-0.137843,0.894689,-6.1663,-5.49285,-4.90442,6.60194,5.20844,4.43896,5.01667,5.93222,3.90667,1.01667,0.966667,0.886667,456,0,45600,95
6.97E+07,1285.1,1406.31,953.17,0.484232,0.691337,0.746044,18747.1,12960.6,9669.16,0.491605,-0.275094,0.826225,0.833267,-0.127011,-0.538084,0.252964,0.952991,0.166787,-302.915,-266.146,-230.822,328.641,280.094,246.508,14148.4,10409.2,16819.2,-1576.02,2211.48,-1838.38,1.29E+06,0,6.69E+09,96
144,2514.44,2657.44,667.556,0.771149,0.319706,0.715816,4.85518,1.55223,1.11111,0.692054,0.205238,-0.692054,-0.145125,0.978712,0.145125,0.707107,-5.14E-10,0.707107,-4.67983,-2.86519,-2.41421,4.65119,3.63015,2.41421,2.91358,1.69136,2.91358,0.469136,-1.80247,-0.469136,216,0,13968,97
6.72E+07,1648.59,2336.56,976.484,0.477312,0.659024,0.793124,18541.4,12219.2,9691.37,0.365876,0.204786,0.907853,0.708436,0.57132,-0.414382,-0.603534,0.794768,0.0639542,-303.061,-261.514,-216.184,299.238,237.232,217.299,12144.8,10887.6,17419.6,1686.24,2197.55,1046.9,1.31E+06,0,6.58E+09,98
152,2059.05,1212,675.263,0.900157,0.203873,0.489732,8.26106,1.68421,0.824812,-0.15227,-7.37E-12,0.988339,-9.71E-12,1,5.96E-12,0.988339,8.68E-12,0.15227,-6.34604,-3,-2.53724,5.84189,3,2.6576,0.99723,1.68421,8.08864,0,-1.11911,-4.90E-11,248,0,15048,99
432,2897.85,2903.74,678.63,0.885117,0.142503,0.806178,17.7584,2.53064,2.04014,-0.334762,0.175684,0.925781,0.813473,0.549752,0.189826,0.4756,-0.816645,0.32695,-8.16252,-3.96258,-3.63431,8.84019,4.01776,3.59397,4.1262,2.67353,15.5295,-0.705075,-4.79561,2.60768,480,0,43200,100
5.06E+07,2014.59,2855.32,913.182,0.515136,0.72356,0.670109,15591.2,11281.2,7559.62,0.987383,-0.157458,0.0167972,0.0592299,0.465613,0.883004,0.146857,0.870868,-0.469065,-288.141,-233.673,-211.599,252.125,262.946,207.499,15402.9,8565.57,10463.6,-1146.05,327.845,1508.83,1.11E+06,0,5.11E+09,101
72,1742.22,1583.11,689.111,0.763299,0.420204,0.563299,2.50355,1.052,0.592593,0.908248,-0.408248,0.0917517,0.0917517,0.408248,0.908248,0.408248,0.816497,-0.408248,-3.48316,-2.48316,-2.36083,3.14983,2.33333,2.08866,2.17284,0.987654,0.987654,-0.691358,0.197531,0.0987654,120,0,7344,102
4640,1682.4,1459.89,696.152,0.980542,0.0923841,0.210621,299.355,27.6557,5.82486,0.911295,-0.408229,-0.0537577,0.402522,0.910729,-0.0924553,0.0867017,0.0626154,0.994265,-37.5038,-12.1724,-6.6048,26.4653,13.0714,7.47089,253.127,72.8491,6.85974,-101.195,-15.1922,4.60347,3392,0,477920,103
16,1696,1497,692,1,0,-1,1,0,0,0,1,0,0,0,1,1,0,0,-2,-1,-1,2,1,1,0,1,0,0,0,0,40,0,1664,104
8.06E+07,1641.65,1654.16,994.949,0.606819,0.585401,0.671644,24138.5,14130.7,9490.81,0.481904,0.244495,0.841422,-0.316065,0.944137,-0.0933234,0.817234,0.220971,-0.532259,-334.801,-273.616,-231.234,377.162,272.01,221.069,13356,14502.4,19901.7,341.254,6076.28,2604.56,1.47E+06,0,8.47E+09,105
1.06E+08,2458.6,2653.45,1054.62,0.540882,0.528966,0.867954,28261.5,14949.4,12975.4,0.2923,0.168272,0.941406,0.262262,0.932553,-0.24812,0.919663,-0.31942,-0.228454,-346.103,-299.176,-269.991,376.333,268.141,281.653,14417.2,15124.9,26644.2,1234.65,4077.87,1964.76,1.72E+06,0,1.13E+10,106
392,2817.84,1178.33,711.633,0.831432,0.200321,0.841491,12.864,2.57692,2.16846,0.32517,0.814211,-0.480963,0.806729,-0.504212,-0.308154,0.493409,0.287804,0.820802,-7.88699,-4.05504,-3.91593,8.07,4.42134,3.91652,3.56518,9.36277,4.68138,2.66556,-1.77426,-4.12495,432,0,41944,107
32,1393,1604,713,1,1,0,1,1,0,0,0,1,1,0,0,0,1,0,-2,-2,-1,2,2,1,1,0,1,0,0,0,64,0,3456,108
64,2892.75,2944.75,716,0.732051,0.369819,0.724542,2.36603,0.875,0.633975,-0.325058,0.325058,0.888074,0.707107,0.707107,0,0.627963,-0.627963,0.459701,-3.42626,-2.06066,-2.25593,3.42626,2.76777,2.25593,0.9375,0.9375,2,-0.0625,-0.5,0.5,112,0,6976,109
1.30E+08,1164.12,2223.96,1054.9,0.522269,0.684153,0.698281,29149.9,19943,13925.8,0.778171,-0.506824,0.370918,-0.315314,0.195489,0.928634,0.543164,0.839591,0.00768468,-374.566,-326.904,-282.048,401.37,316.069,269.268,23743,18066.4,21209.3,-6375.21,2632.34,-1769.63,2.05E+06,0,1.43E+10,110
664,1374.53,1628.92,720.771,0.888159,0.219246,0.510118,20.5805,4.51218,2.30174,0.399565,0.891659,0.212818,0.833363,-0.450032,0.320899,-0.381908,-0.0491346,0.922893,-10.5504,-5.51066,-4.17205,9.39043,5.46477,4.12912,6.75512,17.282,3.35724,5.68326,2.14545,3.14937,656,0,73704,111
5.31E+07,2007.09,1452.72,975.092,0.506219,0.638466,0.773386,16561.8,10574.2,8177.91,0.5866,0.260894,0.766704,0.758014,-0.510197,-0.406341,0.285158,0.819532,-0.497043,-335.345,-244.755,-224.048,261.023,219.057,196.789,12439.7,9372.31,13501.9,356.359,3032.57,2173.8,1.12E+06,0,5.95E+09,112
88,2797.64,1162.55,725.818,0.661106,0.371397,0.912485,3.13126,1.16294,1.06117,-0.352421,0.743169,0.56877,-0.199237,-0.653412,0.730313,0.914387,0.144057,0.378343,-4.05398,-3.35071,-2.50606,3.89861,2.72356,3.15149,1.32231,2.24793,1.78512,-0.528926,-0.429752,0.826446,152,0,9944,113
104,1684.92,1457.38,730,0.681445,0.659278,0.483189,2.80027,1.84615,0.892041,0.835737,0.549131,0,0,0,1,-0.549131,0.835737,0,-4.20326,-3,-2.74855,3.90942,3,2.5944,2.22485,1.46746,1.84615,0.87574,0,0,176,0,11856,114
64,971,2495,729,0,1,1,1,1,1,0,0,1,0,1,0,1,0,0,-2,-2,-2,2,2,2,1,1,1,0,0,0,96,0,7360,115
8,2790,1188,730,-1,-1,-1,0,0,0,0,0,1,0,1,0,1,0,0,-1,-1,-1,1,1,1,0,0,0,0,0,0,24,0,928,116
952,2070.08,1212.54,736.84,0.498861,0.585857,0.855395,11.5187,6.74833,5.77249,0.795688,0.328981,-0.508579,0.40773,0.330013,0.85138,-0.447925,0.884795,-0.128452,-8.64202,-6.8082,-6.02221,7.63283,5.76927,5.9785,9.57277,6.50067,7.9661,1.63548,-1.98658,-0.68724,760,0,111384,117
16,2092,1259,734,1,0,-1,1,0,0,0,1,0,0,0,1,1,0,0,-2,-1,-1,2,1,1,0,1,0,0,0,0,40,0,1888,118
96,2090.5,1204.83,737.333,0.654824,0.476585,0.724269,2.89707,1.3807,1,0.256048,0.807314,-0.531681,0.876226,-0.42612,-0.225053,0.408248,0.408248,0.816497,-3.76987,-2.9855,-2.63299,4.13738,2.96951,2.63299,1.41667,2.30556,1.55556,0.25,-0.333333,-0.777778,160,0,11424,119
8,1414,1554,738,-1,-1,-1,0,0,0,0,0,1,0,1,0,1,0,0,-1,-1,-1,1,1,1,0,0,0,0,0,0,24,0,960,120
8,2240,2754,738,-1,-1,-1,0,0,0,0,0,1,0,1,0,1,0,0,-1,-1,-1,1,1,1,0,0,0,0,0,0,24,0,968,121
9.82E+07,2755.8,3041.57,1061.93,0.254789,0.885141,0.841912,19178.7,16975.9,14292.2,-0.205125,0.0199537,0.978532,0.969488,-0.132974,0.20594,0.134229,0.990919,0.00793148,-328.967,-347.856,-271.976,305.976,283.836,268.994,17020.2,14341.6,19085,-365.973,-445.014,21.919,1.57E+06,0,1.20E+10,122
553784,2160.06,2593.04,829.983,0.907908,0.150108,0.613507,2296.2,344.678,211.462,-0.291018,-0.409338,0.864726,-0.265747,0.902864,0.337957,0.919069,0.131447,0.37153,-98.716,-45.9422,-31.8774,97.02,38.0157,31.5131,397.43,669.369,1785.54,216.381,-536.59,-697.276,59064,0,6.81E+07,123
3728,2084.39,1234.78,765.21,0.975742,0.218027,0.111261,156.576,34.1378,3.79822,0.489216,-0.571974,0.658417,-0.764968,0.0812052,0.638929,0.418918,0.816242,0.397815,-27.7384,-17.5243,-5.58748,24.4042,13.0025,7.12869,58.1169,53.9802,82.415,-44.6348,34.3823,-55.9616,2912,0,462272,124
112,971.429,2495.57,761.429,0.733273,0.280382,0.951297,4.07607,1.14286,1.0872,-0.302073,0.904159,-0.302073,-0.707107,-1.18E-11,0.707107,0.639337,0.427195,0.639337,-4.57437,-2.41421,-2.64359,4.05888,2.41421,2.76815,1.38776,3.53061,1.38776,-0.816327,0.244898,-0.816327,176,0,14000,125
520,3099.66,3415.35,775.631,0.911756,0.114458,0.770978,23.902,2.73577,2.10922,-0.517155,0.129853,0.845984,0.121856,0.989526,-0.077395,0.847173,-0.0630626,0.527561,-9.87497,-4.15126,-3.72459,11.092,4.1844,4.19025,7.94698,3.09018,17.7098,-1.38793,-9.54036,2.34604,584,0,65520,126
24,2081.33,1192,773.333,1,0.333333,0,1.33333,0.444444,0,0.707107,0,-0.707107,0.707107,0,0.707107,0,1,0,-2.41421,-1.4714,-1,2.41421,1.94281,1,0.888889,0,0.888889,0,-0.444444,0,56,0,3048,127
400,2064.08,1238.4,779.08,0.887494,0.172064,0.653863,15.5906,2.68257,1.75403,-0.399965,-0.27876,0.87311,-0.846977,0.476435,-0.235881,0.350226,0.833848,0.42666,-8.39557,-4.25597,-3.52899,9.3428,4.25052,3.55199,4.6336,3.04,12.3536,1.168,-4.6464,-3.472,464,0,51200,128
1.15E+08,2782.82,2345.58,1103.63,0.425671,0.770833,0.745075,24409.1,18815.4,14018.9,0.00602615,0.389371,0.921061,0.918478,0.362071,-0.159072,-0.395427,0.846933,-0.355446,-356.262,-360.94,-267.493,328.607,297.706,285.508,18065.6,16222.9,22954.8,1619.47,-643.115,3450.05,1.82E+06,0,1.49E+10,129
144,2724.56,1494.44,791.889,0.853704,0.210833,0.693893,6.49519,1.3694,0.950219,0.365579,0.204565,0.908023,0.0124244,0.974391,-0.224519,0.930697,-0.0933609,-0.353675,-5.55637,-3.41369,-2.6689,5.57925,2.93291,3.05389,1.69136,1.58025,5.54321,0.419753,1.83951,0.938272,216,0,18720,130
3.98E+07,1764.5,2036.52,1058.71,0.540765,0.798495,0.575126,13120.5,10476.7,6025.4,-0.61162,-0.131445,0.780156,0.718693,0.319953,0.617342,-0.33076,0.938271,-0.10122,-244.159,-230.376,-216.737,252.326,218.277,152.684,10978.7,6603.67,12040.2,1593.96,-1410.56,151.625,928576,0,5.21E+09,131
3.25E+07,2108.34,2321.05,1042.18,0.633792,0.776794,0.471435,12363,9603.51,4527.43,0.0791938,0.629173,-0.773221,0.89459,0.297364,0.333591,-0.439814,0.718134,0.539303,-237.573,-210.978,-161.728,262.781,259.722,147.441,8638.92,8078.06,9776.96,1740.75,1035.03,-3308.39,858632,0,4.29E+09,132
1.37E+08,1497.43,3064.15,1147.71,0.480517,0.68309,0.760489,30586.6,20893.4,15889.2,0.982329,-0.123694,0.140459,-0.128957,0.0965722,0.986937,0.135642,0.98761,-0.0789144,-493.189,-346.657,-288.894,408.068,349.639,324.842,30155,16160.8,21053.5,-1848.17,1391,221.602,2.16E+06,0,1.83E+10,133
1.92E+06,2968.33,2590.99,932.086,0.869018,0.196402,0.666907,4510.79,885.927,590.831,0.784082,-0.161199,0.599358,-0.359547,0.669171,0.650336,0.505907,0.725414,-0.466726,-150.017,-79.9949,-52.0518,138.147,75.0565,59.2168,3038.91,824.833,2123.81,-566.457,1773.17,-250.31,144472,0,2.57E+08,134
2312,2614.9,2840.18,851.287,0.985497,0.0370426,0.391511,192.796,7.14165,2.79603,0.819264,-0.254993,-0.5136,0.237581,0.966135,-0.100695,0.521883,-0.039526,0.852101,-23.47,-7.36017,-5.10914,28.8426,7.22202,4.43438,130.568,19.2064,52.959,-38.6947,-80.0508,24.4604,2000,0,312120,135
8,2638,2802,838,-1,-1,-1,0,0,0,0,0,1,0,1,0,1,0,0,-1,-1,-1,1,1,1,0,0,0,0,0,0,24,0,1088,136
112,2049.29,2114.71,864.571,0.797828,0.299089,0.675961,4.43165,1.32546,0.895956,0.0295944,0.241611,0.969922,-0.212061,0.949776,-0.230122,0.976808,0.198872,-0.0793443,-4.12875,-3.13769,-2.5113,4.65723,2.66141,2.15744,0.918367,1.4898,4.2449,-0.0612245,0.122449,0.734694,168,0,15344,137
136,2298,2908.59,873.176,0.318624,0.762224,0.893931,2.46955,1.88235,1.68269,0,0.336186,0.941795,1,0,0,0,0.941795,-0.336186,-4.18934,-3,-3.71445,4.1338,3,2.72511,1.88235,1.77163,2.38062,0,0,0.249135,192,0,18768,138
173304,2047.56,2099.17,968.028,0.958096,0.177858,0.235604,2083.14,370.503,87.2921,0.417818,-0.234649,0.877706,0.908525,0.10453,-0.404544,0.00317883,0.966444,0.25686,-91.8487,-48.1937,-41.8975,130.016,46.9382,23.4894,669.478,200.279,1671.18,-168.778,627.829,-423.027,50064,0,2.41E+07,139
9.43E+07,1716.69,951.389,1169.78,0.476779,0.60591,0.863529,24108.9,14607.8,12614.3,0.834311,0.204694,0.511884,-0.387032,-0.443749,0.808266,-0.392595,0.872461,0.291001,-350.795,-282.939,-231.153,352.56,264.906,277.228,20914,13488.5,16928.5,2305.42,4285.39,489.387,1.57E+06,0,1.32E+10,140
160,2326.1,2945.7,894.7,0.612282,0.63826,0.60746,3.55878,2.27142,1.3798,-0.0662718,-0.361771,0.929908,-0.670318,0.706477,0.227076,0.739109,0.608285,0.289321,-4.3362,-3.63357,-3.2101,4.69034,3.87361,2.96291,1.79,2.11,3.31,-0.37,-0.27,-0.59,224,0,22560,141
3736,2319.08,2967.77,902.197,0.859575,0.614583,0.228488,49.1095,30.1818,6.8962,0.0524357,0.929894,0.364071,-0.618285,-0.256062,0.743072,0.784203,-0.264063,0.561512,-16.1204,-12.4497,-6.50918,17.0036,11.8312,7.08054,15.9138,44.9249,25.3488,5.74487,-9.89225,9.86056,2304,0,530512,142
7.82E+06,2864.16,2699.66,1050.23,0.739583,0.513463,0.507177,6172.56,3169.38,1607.44,0.448846,0.200822,0.870751,0.890853,-0.0240906,-0.453652,-0.0701265,0.979331,-0.189716,-185.132,-144.824,-92.1533,168.744,115.776,89.5546,3766.73,1792.45,5390.2,377.971,1152.96,815.355,300696,0,1.12E+09,143
3.94E+07,2831.11,1577.84,1130.94,0.623199,0.770769,0.488863,14142.6,10900.7,5328.95,0.810671,0.449695,-0.374948,0.470899,-0.120202,0.87396,-0.347946,0.885057,0.309205,-258.094,-242.451,-202.205,273.867,258.973,147.075,12356.7,7191.81,10823.8,2897.69,-385.97,-2071.42,977776,0,5.67E+09,144
2.68E+07,3034.54,1057.41,1099.71,0.513773,0.84997,0.572052,9755.03,8291.48,4743.16,0.917557,-0.393903,-0.0541158,0.30153,0.778089,-0.55105,0.259168,0.489303,0.832715,-250.609,-206.79,-186.93,224.351,213.388,159.973,9285.33,7669.03,5835.31,-978.938,-838.445,-1414.57,724696,0,3.88E+09,145
96,1047.67,2954,910.333,0.545272,0.573075,0.793488,2.52052,1.44444,1.14615,0.657192,-0.369048,0.657192,-0.707107,-6.36E-10,0.707107,0.260956,0.92941,0.260956,-3.62877,-2.88562,-2.85882,3.62877,3.35702,2.85882,1.88889,1.33333,1.88889,-0.333333,0.444444,-0.333333,160,0,14016,146
8.64E+07,2246.85,3163.34,1200.97,0.3441,0.804706,0.81508,19060,15337.7,12501.4,0.932615,0.175345,0.31541,-0.357768,0.334841,0.871713,-0.0472379,0.925816,-0.37501,-331.318,-289.806,-262.316,308.438,284.16,268.195,18568.9,13021.1,15309.1,732.745,1044.7,1190.58,1.50E+06,0,1.27E+10,147
1.12E+07,1718.7,1280.16,1039.77,0.783287,0.268828,0.806138,10982.1,2952.3,2379.96,0.987802,-0.154215,0.0215777,-0.0747499,-0.348046,0.934492,0.136603,0.924706,0.355328,-190.649,-147.11,-115.68,256.22,127.717,129.969,10776.7,2653.87,2883.78,-1295.5,143.37,-214.775,412280,0,1.66E+09,148
1264,2391.82,2956.61,922.949,0.849034,0.366956,0.411401,24.0098,8.81053,3.62466,0.588639,-0.167834,0.790782,0.767245,-0.192138,-0.611897,0.254636,0.96691,0.0156701,-10.4923,-6.90674,-4.82159,11.0536,7.66089,4.88235,13.7407,4.39032,18.3139,-2.7784,7.05432,-2.09582,968,0,188336,149
2152,2369.47,2970.65,929.19,0.933429,0.274106,0.242866,53.9255,14.7813,3.58988,0.396711,0.0402495,0.917061,0.821647,-0.461015,-0.335202,0.409288,0.886479,-0.215961,-14.1713,-9.51107,-5.41967,15.6393,9.99382,4.87739,19.0671,6.05,47.1797,-3.4355,15.2302,3.5874,1512,0,322800,150
304,2446.42,2932.21,923.368,0.844012,0.245869,0.634434,10.6705,2.62353,1.66446,-0.628348,0.713032,0.31107,0.720033,0.68444,-0.11443,0.294501,-0.152078,0.943473,-6.67674,-4.32848,-3.37684,6.84581,3.66064,3.39084,5.71745,6.69252,2.54848,-3.56233,-1.83934,1.92244,384,0,45904,151
