Volume3d,BaryCenterX,BaryCenterY,BaryCenterZ,Anisotropy,Elongation,Flatness,EigenVal1,EigenVal2,EigenVal3,EigenVec1X,EigenVec1Y,EigenVec1Z,EigenVec2X,EigenVec2Y,EigenVec2Z,EigenVec3X,EigenVec3Y,EigenVec3Z,ExtentMin1,ExtentMin2,ExtentMin3,ExtentMax1,ExtentMax2,ExtentMax3,BinMom2x,BinMom2y,BinMom2z,BinMomxy,BinMomxz,BinMomyz,VoxelFaceArea,BorderVoxelCount,GreyMass,index
3.54E+06,2766.42,2503.73,153.622,0.77114,0.364272,0.628266,4656.1,1696.09,1065.59,0.990917,-0.0832288,0.105629,0.127457,0.831744,-0.540329,-0.042885,0.548885,0.834797,-142.713,-111.743,-99.175,174.028,111.307,59.9608,4601.41,1526.64,1289.73,-229.28,332.394,-314.919,221096,0,3.54E+06,1
1.23E+07,2694.79,1645.36,169.967,0.582527,0.758095,0.550686,6461.89,4898.72,2697.66,-0.550086,0.780126,0.298007,0.632508,0.622209,-0.46129,0.545288,0.0652572,0.835705,-155.251,-155.177,-109.888,199.582,161.374,124.95,4717.27,5840.69,3500.32,-749.132,-1259.27,243.372,460792,0,2.47E+07,2
1.45E+07,2239.86,813.795,196.1,0.599905,0.548845,0.728976,7934.42,4354.77,3174.52,0.996873,-0.0332934,0.0716656,-0.0755372,-0.667819,0.740481,-0.0232065,0.743579,0.668245,-182.303,-142.474,-148.42,194.45,157.712,131.446,7911.43,3706.16,3846.11,-98.44,274.039,-594.997,462520,0,4.36E+07,3
2.48E+07,2423.39,1144.36,198.523,0.456958,0.664976,0.816634,9554.08,6353.23,5188.26,-0.554219,0.678408,0.482291,-0.266607,-0.693572,0.669237,0.788519,0.242322,0.565259,-236.113,-198.29,-197.824,223.244,192.167,164.126,6612.06,7757.97,6725.53,-1426.07,-1374.81,887.714,725664,0,9.94E+07,4
2.16E+07,2709.22,1979.66,176.209,0.316889,0.924687,0.738748,7369.28,6814.28,5034.04,0.510473,-0.634553,-0.58031,0.557838,0.75796,-0.338103,0.654396,-0.151126,0.740896,-201.574,-183.353,-183.079,211.589,213.267,176.469,6196.54,6997.09,6023.96,-3.71675,-1027.54,403.703,624048,0,1.08E+08,5
1.94E+07,2963.3,1904.97,236.428,0.639774,0.715618,0.503378,9333.15,6678.97,3362.05,0.625276,0.259999,-0.735819,0.765767,-0.386159,0.514277,0.150432,0.885032,0.440555,-228.922,-156.947,-131.003,217.102,208.119,148.805,7641.61,4260.31,7472.24,-10.109,-1440.99,-1801.06,642448,0,1.17E+08,6
1.48E+07,1218.12,3174.96,164.956,0.389276,0.895831,0.681741,6150.95,5510.21,3756.54,0.314162,0.940371,0.1304,0.931787,-0.331733,0.147399,-0.181868,-0.0751976,0.980443,-183.534,-172.436,-178.78,200.78,179.485,152.883,5515.45,6066.9,3835.35,165.309,338.949,207.863,550416,0,1.04E+08,7
1.57E+07,2786.39,1094.72,185.447,0.807745,0.253725,0.757728,14328.5,3635.51,2754.72,0.943369,0.331738,-0.0021911,-0.293465,0.837575,0.460811,0.154704,-0.434072,0.887495,-254.694,-149.491,-124.688,278.358,148.862,153.697,13130.6,4646.32,2941.81,3405.54,-143.033,331.537,605112,0,1.25E+08,8
1.44E+07,2994.81,2910.33,206.731,0.67452,0.443644,0.73365,8980.78,3984.27,2923.06,0.961552,-0.200186,0.187997,0.0649172,0.830854,0.552692,-0.266839,-0.519238,0.811905,-221.701,-149.824,-117.928,218.462,161.318,132.898,8528.39,3898.39,3461.32,-1108.81,1133.12,259.336,479984,0,1.30E+08,9
2.02E+07,3030.02,3128.2,190.055,0.671007,0.368381,0.893078,13019.1,4795.97,4283.18,0.76022,-0.474947,-0.443272,0.494842,0.865421,-0.0785978,0.420947,-0.159598,0.892935,-243.246,-176.162,-176.181,283.54,181.291,188.631,9457.51,6637.83,6002.86,-2934.61,-2963.8,1804.29,703072,0,2.02E+08,10
4.16E+07,1498.03,2847.62,253.089,0.63869,0.934529,0.386623,13686.2,12790.1,4944.95,0.690342,-0.170938,0.702999,-0.723353,-0.144646,0.675158,0.0137244,0.974606,0.223504,-279.389,-283.881,-185.515,271.228,242.799,157.671,13215.7,5364.51,12841,-210.674,410.796,-1816.57,955280,0,4.57E+08,11
1.53E+07,2495.76,1426.38,230.264,0.692994,0.5043,0.608776,9121.47,4599.95,2800.34,0.847924,0.107531,0.519097,-0.469056,-0.304073,0.829172,-0.247005,0.94656,0.207393,-215.22,-173.374,-132.441,193.115,149.641,124.676,7741.01,3039.82,5740.92,833.021,2082.36,-100.896,525448,0,1.84E+08,12
2.73E+06,2342.57,1779.11,225.565,0.712258,0.591515,0.486449,2849.36,1685.44,819.88,0.852112,-0.119359,-0.509567,0.503474,0.452789,0.735864,-0.142895,0.883592,-0.445921,-127.386,-90.9156,-69.0689,137.412,93.5734,64.2938,2512.88,1026.25,1815.55,-9.09314,-560.538,411.832,178040,0,3.55E+07,13
2.43E+07,2606.1,2278.97,222.059,0.385363,0.676955,0.907944,9064.31,6136.13,5571.26,0.885309,0.135054,0.444959,-0.457914,0.419657,0.783711,0.0808874,0.897579,-0.433369,-233.631,-201.767,-172.333,232.867,190.549,195.719,8427.46,5734.45,6609.79,309.094,1173.29,395.688,684696,0,3.40E+08,14
2.06E+07,1976.95,1980.17,261.344,0.460848,0.662419,0.813914,8738.68,5788.67,4711.48,0.514752,0.667917,-0.537511,0.754495,-0.055179,0.653982,0.407146,-0.742188,-0.532343,-236.889,-165.757,-166.517,215.63,174.323,184.115,6391.77,6511.34,6335.71,1339.75,-582.753,-1484.69,673088,0,3.10E+08,15
2.51E+07,2444.3,2509.05,239.244,0.507644,0.608505,0.809124,10238.5,6230.15,5040.96,0.896673,0.11751,-0.426813,0.280828,0.594316,0.753607,-0.342218,0.7956,-0.499907,-232.458,-192.795,-180.414,223.396,198.245,186.235,9313.65,5532.77,6663.15,746.124,-1737.46,271.936,688496,0,4.02E+08,16
2.09E+07,2142.44,1050.54,265.784,0.594469,0.616417,0.657884,9631.5,5937.03,3905.88,0.927654,0.144846,0.344206,-0.373332,0.381868,0.845458,0.00898028,0.912796,-0.408318,-220.723,-171.542,-154.389,225.16,185.096,165.798,9116.12,4322.19,6036.1,479.765,1187.11,941.226,624672,0,3.55E+08,17
2.76E+07,1498.05,968.446,283.835,0.473518,0.581298,0.905702,10779.6,6266.14,5675.25,0.883094,-0.207357,0.42089,0.404606,0.790752,-0.459353,-0.23757,0.575947,0.782206,-245.429,-202.93,-180.248,253.527,159.816,206.736,9752.6,6264.19,6704.15,-745.63,1787.38,-660.107,759344,0,4.96E+08,18
1.45E+07,1010.15,2532.77,263.3,0.60938,0.543786,0.718335,8254.41,4488.63,3224.34,0.950762,0.282122,-0.128292,-0.224986,0.912985,0.340353,0.21315,-0.294731,0.931505,-194.651,-172.813,-119.673,200.103,172.122,160.783,7835.27,4678.54,3453.59,1089.52,-710.356,210.805,540992,0,2.76E+08,19
3.90E+07,1666.01,3116.64,284.227,0.376044,0.697589,0.894446,12319,8593.62,7686.53,-0.163634,-0.0771271,0.983502,0.986297,0.00846319,0.164763,-0.0210312,0.996985,0.0746854,-230.961,-228.541,-199.077,286.241,243.402,231.401,8692.97,7714.15,12192,66.0365,-598.12,-350.131,999736,0,7.80E+08,20
2.69E+07,1739.92,2606.13,283.491,0.557565,0.650845,0.679786,11188.6,7282.05,4950.23,0.865696,0.0206619,0.500143,-0.359246,0.721431,0.592013,0.348587,0.692178,-0.631963,-254.499,-210.484,-154.287,243.151,212.784,181.677,9926.39,6166.52,7327.97,-492.754,2205.11,1060.38,784376,0,5.64E+08,21
1.88E+07,1350.04,2625.18,265.567,0.577932,0.813684,0.518713,8563.88,6968.29,3614.54,0.876224,-0.2504,-0.411742,0.390943,-0.130223,0.911156,0.281772,0.959344,0.0162119,-219.053,-195.994,-151.882,243.419,237.167,132.93,7927.06,3981.74,7237.91,-1256.66,-590.974,112.345,644664,0,4.13E+08,22
3.52E+07,1540.29,1889.71,285.427,0.55941,0.563285,0.782181,13665.6,7697.63,6020.94,0.78341,-0.477562,0.397747,-0.496731,-0.0964828,0.862525,0.373534,0.873284,0.312805,-278.491,-210.004,-177.268,267.367,195.831,181.947,11126.4,7780.04,8477.72,-2779.72,1663.71,-1591.63,936680,0,8.10E+08,23
2.86E+07,1040.06,1431.58,287.085,0.674593,0.380932,0.85424,15300.8,5828.57,4978.99,0.958586,-0.0846579,-0.271929,0.268218,-0.0527058,0.961915,0.095766,0.995015,0.0278163,-278.552,-190.335,-194.865,306.734,185.048,146.801,14524.7,5055.33,6528.34,-849.644,-2471.36,194.545,836000,0,6.86E+08,24
5.53E+06,2452.4,1644.73,250.382,0.564706,0.839993,0.518211,3676.94,3088.6,1600.55,0.91888,0.38506,0.085954,-0.392861,0.913059,0.109466,-0.0363302,-0.134354,0.990267,-166.584,-121.944,-93.8886,135.711,134.155,118.463,3583.4,3148.98,1633.72,200.905,100.003,217.452,274632,0,1.38E+08,25
2.69E+07,1061.01,1729.63,287.979,0.297731,0.924571,0.759561,8347.53,7717.88,5862.21,0.620329,-0.205483,0.756947,-0.408977,0.738754,0.535706,0.669276,0.641888,-0.374233,-204.463,-193.877,-207.702,222.468,207.735,187.082,7128.96,6979.89,7818.76,-877.458,760.434,347.828,724192,0,6.99E+08,26
1.62E+07,2147.8,2232.91,299.124,0.78572,0.302341,0.708734,12798.1,3869.4,2742.38,0.921274,0.120472,-0.369784,0.379768,-0.483654,0.788578,0.0838453,0.866929,0.491329,-257.756,-152.294,-145.012,255.995,162.804,121.366,11439.7,3151.96,4818.25,909.062,-3088.2,-877.817,552096,0,4.38E+08,27
1.82E+07,2012.04,2465.57,275.501,0.504878,0.620203,0.798323,8591.38,5328.4,4253.78,0.855602,0.31778,-0.40861,-0.152247,0.908952,0.388107,0.494739,-0.269855,0.826082,-207.177,-176.626,-167.306,216.98,167.422,133.222,7454.05,5579.65,5139.86,1030.65,-1579.95,-184.136,588152,0,5.08E+08,28
3.69E+07,2051.14,1352.49,285.27,0.644276,0.6169,0.576631,14583,8996.24,5187.51,0.981523,-0.191295,-0.00425552,-0.108392,-0.574203,0.811506,0.157681,0.796051,0.584328,-291.162,-247.344,-192.606,293.059,205.999,186.923,14283.7,6787.1,7695.89,-1527.05,-374.262,-1767.1,948104,0,1.07E+09,29
9.76E+06,2739.44,2601.69,251.22,0.652069,0.63799,0.545356,6516.02,4157.16,2267.13,-0.158036,-0.68358,0.712561,-0.919851,0.364297,0.14547,0.359025,0.63246,0.686364,-190.569,-161.135,-105.907,148.456,158.841,142.783,3972.45,4503.39,4464.47,-174.337,-731.376,-1969.44,416472,0,2.93E+08,30
9.12E+06,1012.75,1067.25,301.029,0.62572,0.806554,0.464048,5258.9,4241.58,1968.3,-0.388489,0.506921,0.769485,0.774691,0.63184,-0.025126,-0.498928,0.586352,-0.638171,-153.463,-167.202,-89.4154,154.49,142.609,108.677,3829.23,3721.43,3918.12,464.701,-1027.93,1247.47,376312,0,2.83E+08,31
2.15E+07,2223.9,3189.92,331.834,0.657843,0.828761,0.412854,9497.89,7871.48,3249.77,0.0574147,0.370389,0.927101,0.996777,-0.0733802,-0.0324133,0.0560253,0.925974,-0.373409,-234.98,-218.182,-123.186,200.166,211.562,132.872,7862.34,4131.82,8624.98,-205.178,183.26,2156.52,650608,0,6.86E+08,32
1.07E+07,3225.36,3050.98,311.098,0.496973,0.632382,0.795448,5704.99,3607.73,2869.76,0.932017,-0.265385,-0.246809,0.255149,-0.00314831,0.966897,0.257377,0.964137,-0.0647785,-198.809,-135.54,-148.384,190.568,147.68,112.244,5380.64,3069.45,3732.39,-701.868,-470.128,183.459,418912,0,3.53E+08,33
4.02E+07,1025.83,3155.78,306.131,0.559859,0.733956,0.599683,14036.8,10302.4,6178.19,0.304428,0.950482,0.0625062,0.651462,-0.255631,0.714318,0.694925,-0.176738,-0.697025,-278.701,-228.972,-224.611,272.277,239.801,192.122,8656.83,13547.3,8313.28,1587.1,2068.75,-286.201,1.04E+06,0,1.37E+09,34
1.68E+07,2427.73,2070.9,336.009,0.443601,0.762876,0.729344,7377.34,5627.99,4104.74,0.976044,0.100793,-0.192816,0.211632,-0.645471,0.733879,0.0504869,0.757105,0.65134,-202.35,-179.115,-180.828,211.934,169.705,133.969,7290.64,4772.62,5046.8,113.874,-379.312,-785.161,588200,0,5.88E+08,35
1.70E+07,1781.34,2101.11,335.756,0.622444,0.715025,0.528032,8526.67,6096.78,3219.29,0.789336,-0.267784,0.552485,0.340343,0.939799,-0.0307373,-0.510994,0.212297,0.832956,-236.956,-181.586,-158.561,206.291,185.758,127.861,6859.37,6141.33,4842.03,-201.454,2284.43,-868.331,598656,0,6.13E+08,36
2.65E+07,2973.85,986.332,330.58,0.528712,0.598138,0.787925,11356,6792.46,5351.95,0.871735,0.267819,-0.410306,-0.0071159,0.844229,0.535936,0.489926,-0.464274,0.73785,-247.047,-216.182,-155.617,223.66,181.807,182.336,9914.64,6809.29,6776.49,1393.1,-2153.01,-8.01064,747904,0,9.81E+08,37
8.07E+06,2241.01,2005.48,311.056,0.642776,0.773396,0.46189,5207.31,4027.32,1860.18,-0.649225,0.710789,0.270714,-0.269409,-0.547749,0.79208,0.711284,0.441305,0.547105,-190.749,-158.797,-92.948,161.114,119.659,127.814,3428.27,4201.42,3465.12,-1224.78,-1050.73,-296.179,365424,0,3.07E+08,38
1.11E+07,2834.59,1703.43,350.353,0.543295,0.701267,0.651257,5889.53,4130.14,2689.78,-0.400708,0.653247,0.642418,0.750454,-0.168225,0.639155,0.525597,0.73822,-0.422823,-187.927,-163.647,-126.905,183.825,164.027,122.833,4014.74,4095.98,4598.74,-1019.41,-132.811,1187.93,416904,0,4.33E+08,39
3.44E+07,2986.65,2607.94,342.514,0.505225,0.558762,0.885485,12987.2,7256.74,6425.73,0.730118,-0.665811,-0.153703,0.630201,0.56915,0.528124,-0.264151,-0.482456,0.835141,-234.185,-202.862,-193.788,276.712,178.922,166.719,10253.5,9603.63,6812.52,-2891.59,-459.753,921.264,862824,0,1.37E+09,40
3.38E+07,1291.83,1252.34,367.64,0.496329,0.818043,0.615703,11239.5,9194.42,5661.03,0.82956,0.00421729,-0.558401,0.497158,0.449786,0.741975,-0.25429,0.893127,-0.371028,-230.665,-244.577,-194.342,229.799,200.638,194.438,10373.3,6375.96,9345.7,809.635,-1280.72,1166.06,857560,0,1.38E+09,41
3.00E+07,2228.5,1591.22,379.209,0.611171,0.481127,0.808162,14382.1,6919.64,5592.19,0.985506,-0.0792739,-0.149981,0.132539,-0.192032,0.972398,0.105887,0.978182,0.178741,-253.88,-185.704,-194.516,321.072,216.992,194.846,14152.5,5696.38,7045.09,-720.5,-1128.14,-143.368,896680,0,1.26E+09,42
2.32E+07,2155.34,2680.21,373.748,0.608515,0.6084,0.643467,10590.9,6443.49,4146.17,0.931129,-0.0338241,-0.363118,0.362899,-0.0126217,0.931743,0.0360985,0.999348,-0.000522357,-266.5,-209.279,-141.645,224.607,188.546,151.48,10036.3,4153.91,6990.35,-213.496,-1402.23,52.1382,683976,0,9.96E+08,43
1.66E+07,3086.08,1653.89,382.632,0.443591,0.837877,0.664071,6777.8,5678.96,3771.23,-0.291571,0.427134,0.855887,-0.629136,0.588365,-0.507951,0.720537,0.686574,-0.097175,-211.45,-186.708,-139.895,176.017,180.388,132.433,4781.94,4980.17,6465.9,-1080.61,-140.642,528.991,544512,0,7.30E+08,44
8.50E+06,2617.48,1613.1,414.436,0.531757,0.940079,0.498089,4571.53,4297.6,2140.59,0.340705,0.15642,0.927067,0.824484,0.424171,-0.374573,-0.451826,0.891971,0.015551,-149.342,-153.515,-119.689,149.72,131.225,102.314,3889.05,2588.16,4532.51,883.908,101.678,9.80302,356664,0,3.83E+08,45
3.71E+07,3202.76,2016.2,411.243,0.540645,0.654793,0.701527,13295.3,8705.65,6107.25,-0.568614,-0.315376,0.759747,0.686328,0.32725,0.649508,-0.453467,0.890755,0.0303727,-244.351,-202.191,-181.787,288.556,236.204,178.635,9655.26,7100.45,11352.5,1872.61,-1946.94,-1170,898856,0,1.71E+09,46
1.47E+07,2953.24,2966.05,395.075,0.764936,0.620693,0.378712,9297.95,5771.17,2185.61,0.903055,-0.344765,0.256182,0.310582,0.936117,0.164995,-0.296701,-0.0694336,0.952443,-235.309,-164.839,-109.357,190.694,172.083,102.953,8331.64,6173.09,2750,-1171.9,1829.15,-74.3757,524376,0,6.90E+08,47
1.98E+07,1376.58,3053.95,394.746,0.56489,0.863353,0.503977,8757.67,7560.96,3810.55,0.711728,-0.119207,0.692266,-0.655612,-0.466576,0.5937,-0.252221,0.876411,0.410229,-171.198,-227.078,-134.526,259.958,211.968,171.464,7928.58,4697.29,7503.31,727.493,977.674,-1447.14,655424,0,9.50E+08,48
1.40E+07,2599.98,1216.15,374.231,0.415992,0.770849,0.757617,6159.77,4748.25,3597.36,-0.468665,0.449569,0.760422,0.287686,0.891561,-0.349793,0.835219,-0.0548272,0.547178,-164.707,-148.595,-149.513,177.939,165.44,116.176,4255.44,5030.08,5219.87,-244.701,-1029.02,517.072,492320,0,6.84E+08,49
2.64E+07,2878.41,2078.14,405.353,0.616672,0.890464,0.430481,10508.6,9357.56,4028.25,-0.0103884,-0.696929,0.717064,0.99399,-0.0853487,-0.0685518,0.108976,0.712043,0.693628,-202.732,-243.366,-134.542,236.426,216.008,150.961,9294.39,7214.66,7385.39,-405.198,-411.411,-3207.35,781872,0,1.32E+09,50
3.29E+07,2654.89,2828.79,367.897,0.457767,0.631793,0.858246,11813.8,7463.89,6405.85,-0.694155,-0.0933701,0.713745,-0.355179,0.906869,-0.226797,0.626097,0.410939,0.66267,-270.084,-207.395,-201.799,251.86,220.1,176.039,9145.16,7323.14,9215.27,9.71307,-2594.15,-578.012,837912,0,1.68E+09,51
3.76E+07,1586.3,2444.42,420.097,0.577766,0.641742,0.657949,14008.3,8989.7,5914.76,0.937295,-0.347448,-0.0275233,0.219901,0.528252,0.820118,0.270409,0.774745,-0.571532,-272.712,-220.451,-217.842,291.703,210.921,171.722,13173.8,7749.88,7989.08,-2278.55,345.758,1409.55,955072,0,1.95E+09,52
3.96E+07,1138.82,2096.33,452.096,0.573316,0.946783,0.450667,12424,11762.8,5301.11,0.566569,-0.18324,-0.803382,0.823798,0.103629,0.557331,0.0188711,0.977591,-0.209666,-263.478,-257.594,-177.867,259.636,258.989,156.378,11972.8,5609.67,11905.5,-187.848,-275.379,1421.77,935728,0,2.10E+09,53
2.72E+07,2840.89,1470.82,433.595,0.630201,0.635751,0.581673,11613.9,7383.55,4294.81,0.992852,-0.0455867,0.110304,-0.107692,0.0562549,0.992591,0.0514541,0.997375,-0.0509434,-242.861,-192.343,-126.889,241.84,209.502,164.551,11545.5,4319.79,7427,-349.981,471.385,135.666,708768,0,1.47E+09,54
3.52E+07,1153.98,943.722,437.371,0.441169,0.81912,0.682234,11364.7,9309.06,6350.95,0.832912,0.301982,-0.46375,0.0221515,0.81913,0.57318,-0.552962,0.487681,-0.675574,-213.912,-202.353,-181.453,240.475,262.797,183.052,9830.66,8792.98,8401.08,1314.75,-1899.07,686.709,893016,0,1.94E+09,55
3.12E+07,1216.1,2357.38,402.133,0.603212,0.943954,0.420346,11000.1,10383.6,4364.72,0.671257,0.0694185,0.737967,-0.732634,0.213273,0.646345,0.11252,0.974523,-0.19402,-259.746,-250.569,-128.888,260.925,238.814,170.811,10585.2,4670.47,10492.8,-631.267,436.8,1169.62,811208,0,1.75E+09,56
2.59E+07,2851.83,1219.76,446.295,0.590597,0.643107,0.636602,11018.7,7086.21,4511.09,0.943039,0.128319,-0.306939,0.301265,0.0619934,0.951523,-0.141127,0.989793,-0.019804,-267.77,-206.396,-163.046,247.249,201.3,153.852,10532.2,4628.14,7455.69,835.581,-1145.48,-104.409,712480,0,1.48E+09,57
4.62E+07,2148.46,2959.8,435.042,0.856308,0.169522,0.847629,38255.6,6485.17,5497.02,0.997813,0.0284774,0.0596432,-0.016873,0.982269,-0.186717,-0.0639029,0.185303,0.980602,-436.53,-203.98,-169.624,373.782,200.064,184.404,38112.8,6477.01,5648,914.464,1952.67,-125.593,1.27E+06,0,2.68E+09,58
1.14E+07,2137.4,2424.04,435.313,0.633425,0.581167,0.630757,6957.56,4043.5,2550.47,0.850846,-0.0963014,-0.516514,0.466881,0.589499,0.659176,-0.241005,0.802008,-0.546534,-209.059,-164.139,-141.834,199.222,136.758,115.583,6066.38,3110.18,4374.96,49.8145,-1477.31,799.383,453032,0,6.75E+08,59
2.35E+07,1900.36,1072.44,477.074,0.497114,0.626331,0.802908,9826.05,6154.36,4941.38,0.5538,0.13859,0.821035,0.56445,0.662416,-0.492545,-0.612129,0.736205,0.288619,-239.073,-214.117,-185.604,247.063,172.468,184.873,6825.94,5567.45,8528.4,828.435,1883.78,160.054,684864,0,1.41E+09,60
3.45E+07,2543.67,1830.38,450.228,0.516581,0.700734,0.689875,12037.3,8434.94,5819.05,0.907015,0.386647,0.166814,-0.21597,0.0870549,0.972511,-0.361497,0.91811,-0.162464,-256.095,-230.367,-169.011,248.842,221.19,180.941,11056.7,6768.48,8466.13,2131.52,391.414,622.531,863592,0,2.10E+09,61
1.19E+07,2338.76,2310.78,441.583,0.594055,0.463736,0.87538,7420.17,3441,3012.18,0.824625,0.0350931,-0.56459,0.521797,0.338241,0.783148,-0.218451,0.940405,-0.260611,-206.855,-128.97,-131.336,184.727,149.712,157.736,6126.4,3066.67,4680.28,203.245,-1877.02,26.2538,492392,0,7.38E+08,62
1.97E+07,2441.29,1054.88,512.521,0.363768,0.959696,0.662952,7040.12,6756.38,4479.15,0.723615,-0.424552,0.544185,-0.547731,0.126517,0.827033,0.419967,0.896521,0.14099,-199.674,-199.431,-151.035,191.77,214.142,176.333,6503.31,4977.2,6795.14,-944.566,-23.103,-353.398,633800,0,1.24E+09,63
2.80E+07,3027,2284.52,473.77,0.543526,0.846481,0.539262,10483.8,8874.35,4785.6,-0.273331,-0.0404483,0.961069,0.91316,-0.324975,0.246029,0.302372,0.944857,0.125762,-263.599,-243.076,-171.333,207.418,231.799,193.538,8620.76,5226.73,10296.3,-1150.36,-578.275,-548.419,787672,0,1.79E+09,64
2.14E+07,2649.68,2441.84,467.518,0.499099,0.700812,0.714743,8979.02,6292.61,4497.6,0.905749,-0.0911094,-0.413907,0.0489633,0.992575,-0.111341,0.420978,0.0805803,0.903485,-187.988,-177.996,-153.62,256.813,211.879,179.058,8178.37,6303.25,5287.6,-282.58,-1689.85,-29.3755,680080,0,1.39E+09,65
2.30E+07,1881.16,3180.63,499.969,0.642456,0.606191,0.58982,10877.4,6593.76,3889.13,0.946549,0.103964,-0.305346,-0.263215,0.796129,-0.544882,0.186447,0.596129,0.78094,-245.308,-196.328,-163.963,239.341,224.079,158.197,10337.7,5678.92,5343.68,120.927,-1631.87,-1395.1,681048,0,1.52E+09,66
2.95E+07,1649.33,1169.84,489.616,0.499832,0.667652,0.749145,11097,7408.97,5550.39,0.436369,0.746127,-0.502868,0.891801,-0.284441,0.351831,0.119474,-0.601986,-0.789518,-240.875,-192.518,-193.639,243.275,199.15,203.765,8084.71,8788.62,7183.07,1334.46,-633.984,-2267.13,785064,0,1.97E+09,67
2.73E+07,2150.88,1818.88,509.608,0.61509,0.765615,0.502746,10970.2,8398.96,4222.55,0.969999,-0.0563079,0.236497,0.187294,0.793293,-0.579316,-0.154991,0.606231,0.78004,-256.387,-212.462,-164.392,238.117,186.818,164.384,10717.9,6872.22,6001.58,251.98,1094.78,-2009.2,764104,0,1.86E+09,68
1.70E+07,2461.4,2660.02,548.22,0.501326,0.740107,0.673787,7409.53,5483.85,3694.94,0.941644,-0.29024,0.170493,-0.0423192,0.400404,0.915361,0.333941,0.869159,-0.364756,-188.472,-170.294,-148.304,197.51,169.886,144.165,6991.85,4294.66,5301.81,-1045.52,527.058,471.846,593360,0,1.17E+09,69
4.19E+07,1553.27,2118.88,501.307,0.600931,0.577908,0.69054,15783.6,9121.49,6298.76,0.938884,-0.243436,0.243384,-0.32994,-0.434763,0.837926,0.0981673,0.867018,0.488512,-266.018,-220.403,-177.047,317.252,224.803,204.511,14967,7394.4,8842.5,-1762.94,1387,-1590.29,975896,0,2.93E+09,70
3.83E+07,1796.23,1547.6,512.483,0.452542,0.600874,0.911102,13094.3,7868.05,7168.6,0.97117,-0.230037,0.0625403,0.230193,0.83675,-0.49685,0.0619633,0.496923,0.86558,-276.365,-194.898,-217.031,273.653,217.092,197.657,12794.7,7971.89,7364.44,-1189.12,279.916,-376.041,929784,0,2.72E+09,71
2.62E+07,1303.51,1841.84,517.497,0.624279,0.662281,0.567314,11173.4,7399.91,4198.08,0.978406,-0.184786,-0.0926057,0.194925,0.675889,0.710759,0.0687474,0.713462,-0.697313,-234.86,-206.63,-160.492,248.593,202.333,170.279,10997,5898.93,5875.39,-839.273,-188.408,1657.51,722056,0,1.89E+09,72
2.88E+07,2370.84,1433.8,530.848,0.626043,0.599454,0.623829,12413.7,7441.44,4642.19,0.676044,-0.527478,-0.51452,0.734602,0.537089,0.414602,0.0576494,-0.658257,0.750582,-251.795,-190.576,-144.873,233.126,198.724,173.125,9704.63,7611.96,7180.73,-1666.87,-1850.67,2732.5,800664,0,2.10E+09,73
7.50E+07,1097.46,2712.56,523.588,0.618804,0.41446,0.919743,26286.4,10894.6,10020.3,0.944151,0.325944,0.0483564,-0.277897,0.866496,-0.414677,-0.177062,0.37808,0.908683,-400.766,-254.845,-228.011,342.23,245.903,226.89,24587.8,12404.9,10208.7,4795.2,843.402,-57.7971,1.46E+06,0,5.55E+09,74
1.54E+07,1956.59,2274.86,532.367,0.552766,0.623972,0.716755,7748.91,4835.1,3465.58,0.948953,0.211408,0.234082,-0.116833,0.924939,-0.361714,-0.292981,0.315901,0.902424,-189.738,-175.124,-133.502,231.888,163.756,115.876,7341.46,4828.66,3879.46,711.311,1009.34,-246.223,515368,0,1.16E+09,75
1.60E+07,1540.16,1426.52,577.86,0.663452,0.813996,0.413452,7836.41,6378.81,2637.33,0.299444,-0.0894569,0.949911,0.831467,-0.463848,-0.305789,0.46797,0.881386,-0.064516,-191.217,-179.602,-119.023,186.214,218.721,120.214,5690.14,3483.93,7678.48,-1582.26,527.569,88.8924,534768,0,1.21E+09,76
1.21E+07,2451.52,2169.75,539.145,0.633979,0.812779,0.450333,6408.65,5208.82,2345.7,0.804822,-0.202688,-0.557835,0.247391,0.968904,0.0048764,0.5395,-0.141928,0.829938,-184.376,-167.999,-131.3,192.793,165.769,105.67,5152.66,5200.44,3610.08,23.5027,-1820.64,472.91,430840,0,9.31E+08,77
3.67E+07,2609.39,3151.63,522.534,0.448574,0.696981,0.791165,12204.7,8506.41,6729.97,0.98573,-0.115779,-0.122194,0.0479459,0.888943,-0.455501,0.161361,0.443143,0.881809,-277.219,-239.04,-200.404,270.549,193.841,200.832,12053.6,8207.13,7180.29,-549.097,-698.226,-641.853,903984,0,2.86E+09,78
3.33E+07,1189.66,1531.02,553.075,0.606872,0.588404,0.668125,13248.3,7795.34,5208.27,0.927879,0.136433,-0.347027,0.369008,-0.469788,0.801955,0.0536156,0.872173,0.486251,-277.592,-201.913,-161.835,274.92,211.29,176.095,12482.7,5928.89,7840.34,569.328,-1823.28,-1355.34,829880,0,2.63E+09,79
1.50E+07,2127.71,2106.09,525.625,0.753941,0.411489,0.597973,10464,4305.8,2574.75,0.956882,0.202011,0.208729,-0.272875,0.378812,0.88433,-0.0995752,0.903157,-0.417603,-243.474,-141.743,-113.696,199.388,162.25,139.519,9927.2,3145.1,4272.22,1346.05,1157.98,912.546,521880,0,1.20E+09,80
2.10E+07,3153.6,3189.75,541.786,0.512398,0.554753,0.878953,9681.56,5370.88,4720.75,0.759018,0.454101,-0.466565,0.24876,0.459974,0.852374,-0.601672,0.763031,-0.236167,-217.995,-175.031,-184.408,264.014,184.593,160.867,7618.95,5881.26,6272.98,1784.24,-1618.93,-796.141,644200,0,1.70E+09,81
2.82E+07,967.859,1250.28,560.939,0.416031,0.705899,0.827269,10036.2,7084.52,5860.8,0.907971,-0.0514043,0.415867,-0.297793,0.619057,0.726697,0.294801,0.783662,-0.546778,-239.622,-188.625,-183.445,246.782,214.601,183.902,9411.54,6340.8,7229.14,-420.472,1311.78,461.252,760312,0,2.31E+09,82
2.57E+07,1383.06,915.354,561.873,0.689346,0.776709,0.399962,11504.7,8935.81,3573.98,0.415278,0.887162,0.201217,0.838241,-0.28725,-0.463508,0.353407,-0.361153,0.862944,-257.534,-229.173,-155.206,210.702,242.894,148.518,8709.16,10258.3,5047.02,1630.78,-1420.54,2129.62,771368,0,2.13E+09,83
2.87E+07,2134.76,1256.83,572.236,0.627903,0.462405,0.804699,13673.8,6322.82,5087.97,0.790818,-0.598073,-0.13006,0.610822,0.784664,0.10582,0.0387649,-0.163128,0.985843,-252.024,-173.485,-162.759,226.683,180.527,158.594,10918.2,8919.33,5247.03,-3468.95,-803.263,770.383,758192,0,2.41E+09,84
1.99E+07,2347.1,2466.49,615.419,0.642978,0.598146,0.596881,9852.9,5893.48,3517.71,0.626138,-0.621355,0.47103,-0.621476,-0.0328869,0.782743,0.47087,0.782839,0.406749,-218.457,-198.762,-152.441,219.936,174.328,145.991,6919.01,5966.18,6378.89,-2416.18,712.731,-1915.32,654384,0,1.69E+09,85
2.14E+07,2880.11,2965.55,585.278,0.578761,0.67802,0.621279,9606.67,6513.51,4046.71,0.948241,0.313652,0.0496115,-0.314443,0.905626,0.284547,0.0443193,-0.285419,0.957377,-239.87,-212.915,-168.373,248.532,170.298,160.337,9289.91,6616.85,4260.12,951.163,40.8461,722.196,653040,0,1.84E+09,86
2.67E+07,1872.59,2603.46,608.343,0.449812,0.768385,0.716032,9803.75,7533.06,5393.91,0.883301,0.288958,-0.369165,0.406363,-0.0792564,0.910268,-0.233771,0.954055,0.187429,-234.187,-197.367,-185.663,220.457,208.927,168.558,9187.79,5775.56,7767.36,1056.66,-646.708,-624.74,778144,0,2.32E+09,87
3.44E+06,2652.83,1370.26,597.191,0.495884,0.700542,0.719608,2627.85,1840.92,1324.74,0.888645,-0.401269,-0.22202,0.456051,0.722329,0.519863,-0.0482338,-0.563226,0.824894,-128.767,-106.306,-88.92,129.781,112.651,88.3194,2461.15,1803.88,1528.47,-294.631,-134.721,309.925,197496,0,3.02E+08,88
2.71E+07,1745.29,1838.59,638.761,0.613896,0.701212,0.550623,11189.3,7846.1,4320.24,-0.417,0.13108,0.899405,0.889137,-0.146433,0.433581,0.188536,0.980498,-0.0554858,-251.541,-216.241,-170.69,237.114,206.902,182.696,8302.12,4513.87,10539.7,-834.53,-1217,585.968,763232,0,2.41E+09,89
1.75E+07,2120.54,2801.46,623.646,0.46304,0.584637,0.918451,7980.24,4665.54,4285.07,0.831106,-0.552106,-0.0666498,0.443532,0.585776,0.678341,-0.335474,-0.593334,0.731718,-217.584,-177.041,-133.884,187.775,152.774,174.012,6912.31,5541.99,4476.56,-1596.71,-90.2165,287.155,583016,0,1.57E+09,90
2.85E+07,2857.33,2538.74,620.742,0.493327,0.602722,0.840641,11273.6,6794.85,5712.03,0.94542,-0.063537,-0.3196,-0.10033,0.876399,-0.471018,0.310024,0.477375,0.822191,-224.198,-180.243,-195.157,274.296,219.414,192.264,10694,6566.17,6520.35,-429.29,-1629.29,-334.053,792064,0,2.59E+09,91
1.78E+07,900.76,1668.86,635.719,0.545626,0.642379,0.70733,8287.44,5323.68,3765.6,0.127965,0.174429,0.976319,0.985203,-0.135526,-0.104916,0.114016,0.975299,-0.18919,-204.588,-156.362,-164.764,215.273,166.761,132.304,5351.95,3931.79,8092.96,-107.104,403.885,792.216,556576,0,1.64E+09,92
1.16E+07,1433.26,1224.73,676.762,0.684249,0.754978,0.418225,6968.2,5260.84,2200.22,0.230526,-0.0262007,0.972713,0.702768,0.695895,-0.147807,-0.673034,0.717665,0.178835,-177.289,-186.082,-133.871,186.082,161.587,138.002,3965.19,3685.65,6778.41,1468.01,751.234,-436.325,487104,0,1.08E+09,93
1.57E+07,2195.45,3235,671.652,0.632761,0.792878,0.463172,7684.11,6092.56,2821.9,0.0126066,0.292951,0.956044,0.836764,-0.526531,0.150306,0.547419,0.798089,-0.251768,-173.247,-196.182,-119.203,188.814,162.953,120.318,5112.71,4145.92,7339.96,-1423.04,469.953,1102.94,527368,0,1.47E+09,94
4.42E+07,2769.25,2176.22,662.265,0.639359,0.657149,0.548795,16865.8,11083.3,6082.48,0.926693,-0.0696163,0.369314,-0.090448,0.912496,0.398962,-0.364772,-0.403119,0.839307,-260.24,-250.771,-202.42,298.348,242.073,203.932,15383.6,10298.7,8349.23,-1108.4,3510.02,1543.32,1.13E+06,0,4.20E+09,95
2.07E+07,1512.95,1687.15,660.413,0.535161,0.643622,0.722223,9594.31,6175.11,4459.81,0.297056,0.0610855,0.952904,0.827517,-0.514386,-0.224994,0.476417,0.85538,-0.203351,-236.302,-213.123,-157.085,236.729,180.292,159.774,6087.5,4932.83,9208.9,-636.972,1134.04,497.391,695344,0,1.99E+09,96
8.58E+06,1323.71,1319.56,682.206,0.636897,0.646954,0.56125,5671.58,3669.25,2059.37,0.647105,0.50252,0.573349,-0.333145,-0.490057,0.805518,-0.685763,0.712262,0.149707,-187.809,-179.445,-118.711,171.23,147.306,123.541,3750.63,3358.17,4291.39,1437.46,908.175,405.248,389680,0,8.32E+08,97
2.03E+07,2725.41,1046.59,657.646,0.58593,0.72301,0.572703,8823.93,6379.78,3653.72,0.937868,0.346788,-0.0119203,-0.205084,0.581695,0.787129,-0.2799,0.735778,-0.616674,-227.436,-183.36,-140.907,228.107,200.457,165.377,8316.07,5197.91,5343.45,1356.35,-497.863,1226.81,603136,0,1.99E+09,98
2.13E+07,1628,3279.95,700.063,0.42926,0.831435,0.686452,8052.94,6695.49,4596.13,0.989867,-0.00281002,0.14197,-0.119507,0.523493,0.843607,0.0766908,0.852025,-0.517853,-217.567,-195.288,-171.913,222.628,201.462,150.132,8013.22,5171.48,6159.87,-140.953,274.139,925.747,677368,0,2.11E+09,99
6.85E+07,1680.56,2847.73,688.893,0.38633,0.750742,0.817418,17003.8,12765.4,10434.7,0.965613,0.105351,0.237683,-0.23774,-0.0122031,0.971252,-0.105223,0.99436,-0.0132625,-303.189,-277.637,-256.083,323.534,278.555,241.389,16691.5,10508,13004.5,675.019,969.485,136.865,1.33E+06,0,6.85E+09,100
4.99E+07,2884.4,1709.84,690.6,0.491903,0.730455,0.69559,14993.4,10952,7618.1,-0.237507,0.775694,-0.584713,-0.829438,0.151354,0.537703,0.505591,0.612692,0.607442,-268.126,-263.123,-215.283,269.102,235.025,193.801,10327.8,12132.2,11103.5,-1777.31,-462.657,-3073.8,1.09E+06,0,5.04E+09,101
4.95E+07,1303.22,3137.16,689.725,0.349729,0.747208,0.870268,14062,10507.3,9144.14,0.68861,0.413659,0.59557,-0.668037,0.681342,0.299165,-0.282034,-0.603871,0.745518,-300.222,-248.905,-219.336,270.358,242.239,235.642,12084.5,10618.5,11010.5,780.415,1744.48,1489.44,1.08E+06,0,5.05E+09,102
2.44E+07,2588.34,1608.64,705.84,0.381454,0.758259,0.815745,8837.47,6701.09,5466.38,0.728543,-0.657048,0.193684,0.0512968,0.334288,0.941074,0.683077,0.675677,-0.277247,-214.352,-184.869,-184.632,213.85,197.827,185.317,7258.91,7059.69,6686.32,-1592.52,535.289,-40.5775,704752,0,2.51E+09,103
1.87E+07,2666.31,2781.87,723.594,0.548812,0.713456,0.632398,8218.97,5863.88,3708.31,0.966941,-0.228635,0.112919,-0.177253,-0.284296,0.942209,0.183319,0.931076,0.315424,-216.048,-168.69,-145.097,197.942,171.064,142.432,7993.39,4118.32,5679.45,-888.578,132.501,-693.857,574976,0,1.95E+09,104
6.99E+06,1766.63,1411.93,719.118,0.817103,0.412014,0.44391,7356.97,3031.17,1345.57,0.893927,-0.346828,-0.28391,0.44761,0.723649,0.525336,0.0232503,-0.596693,0.802133,-213.456,-132.189,-83.3539,186.41,125.94,106.188,6487.03,2951.38,2295.31,-1317.78,-1129.3,1232.73,340200,0,7.34E+08,105
1.58E+07,2499.7,1247.99,700.911,0.423332,0.590635,0.976353,7277.7,4298.46,4196.82,0.902376,-0.310191,-0.299166,0.413714,0.429171,0.802902,0.120659,0.848289,-0.515604,-196.265,-145.011,-141.084,222.482,165.49,168.635,6722.92,4511.98,4538.08,-844.316,-797.949,320.926,555616,0,1.68E+09,106
2.17E+07,1750.17,1176.85,730.207,0.640849,0.485165,0.740266,11515.9,5587.09,4135.93,0.963186,0.216374,-0.159544,0.255306,-0.550324,0.794961,-0.0842079,0.806428,0.585306,-261.084,-194.765,-189.494,234.738,188.017,133.842,11077.1,4920.94,5240.86,1334.15,-839.554,-889.623,662384,0,2.32E+09,107
3.10E+07,2033.91,1965.7,719.228,0.624134,0.38481,0.976759,15954.1,6139.3,5996.62,0.88059,-0.0131688,0.473695,-0.200055,0.895838,0.396802,-0.42958,-0.444185,0.786232,-268.719,-216.328,-215.044,316.648,179.202,205.18,13723.8,6112.85,8253.42,-141.042,4142.26,-11.3939,892928,0,3.35E+09,108
1.34E+07,1131.31,1734.95,725.353,0.279241,0.927645,0.776977,5505.41,5107.06,3968.07,-0.0565724,-0.34806,0.935764,0.970053,-0.240913,-0.0309629,0.236215,0.905988,0.351266,-203.36,-192.697,-157.025,183.032,181.481,155.539,5044.79,4220.42,5315.34,-235.909,-115.594,-492.216,511488,0,1.46E+09,109
1.60E+07,2097.26,2520.75,749.95,0.547714,0.669608,0.675448,7738.83,5181.98,3500.16,-0.329421,0.289292,0.898772,0.940004,0.189946,0.283395,-0.0887339,0.938206,-0.334508,-189.764,-181.026,-135.975,210.045,180.944,149.149,5446.21,3915.57,7059.19,-103.652,-806.938,1192.62,556656,0,1.76E+09,110
2.99E+07,1691.57,2285.23,728.054,0.329166,0.738225,0.908713,9923.06,7325.45,6656.73,0.757765,-0.652298,-0.0173083,-0.441772,-0.532361,0.722101,0.480239,0.539537,0.691571,-209.371,-229.415,-179.086,251.054,188.906,211.847,8662.79,8236.05,7006.4,-1457.24,-256.164,-220.19,794056,0,3.32E+09,111
3.97E+07,1436.03,2528.13,758.887,0.309881,0.843762,0.817907,11473.1,9680.57,7917.81,-0.0197805,-0.44095,0.897314,0.967059,-0.236249,-0.0947773,0.253782,0.865881,0.431098,-266.78,-235.523,-238.859,302.399,276.166,231.036,9567.74,8707.47,10796.3,-371.723,-224.671,-1367.26,995280,0,4.44E+09,112
3.41E+07,3051.94,2786.97,772.423,0.617608,0.643539,0.594201,13522.9,8702.53,5171.05,0.921385,0.163201,0.352725,-0.35729,0.712844,0.603487,-0.152948,-0.682069,0.715114,-250.17,-229.481,-198.801,275.966,224.648,161.111,12712.2,7188.01,7496.3,356.44,1952.86,1999.99,871728,0,3.86E+09,113
2.91E+07,2333.9,2952.05,756.826,0.616705,0.442917,0.865387,13575.3,6012.73,5203.34,0.786009,-0.217084,-0.578848,0.571997,0.610595,0.547716,0.234541,-0.761609,0.604104,-268.658,-162.936,-192.484,278.106,186.884,169.183,10640.4,5899.63,8251.3,-1145.82,-3555.5,1322.7,763952,0,3.32E+09,114
3.94E+06,1027.54,2082.93,766.871,0.700107,0.439169,0.682865,4027.23,1768.64,1207.74,0.808029,-0.130991,-0.574396,0.589095,0.16722,0.790572,0.00750755,0.977179,-0.212284,-167.473,-114,-99.1977,136.954,95.202,68.0361,3243.27,1271.8,2488.54,-243.175,-1047.39,286.291,206728,0,4.53E+08,115
2.29E+07,2129.23,2223.6,767.96,0.683876,0.602363,0.524807,11208.6,6751.63,3543.3,0.895639,0.307644,-0.321226,0.443147,-0.55534,0.703717,-0.0381049,0.772627,0.633716,-265.317,-190.294,-140.305,244.389,210.496,152.937,10322.2,5258.24,5923.08,1322.51,-1204.8,-2011.33,652808,0,2.65E+09,116
1.46E+07,2714.68,1334.82,759.204,0.637789,0.606748,0.596972,8106.16,4918.39,2936.14,0.716966,-0.330566,-0.613747,0.211489,0.942068,-0.260345,0.664253,0.0568581,0.745342,-206.254,-175.018,-137.555,207.813,162.244,133.601,5682.4,5260.33,5017.97,-830.382,-2384.14,562.742,506464,0,1.70E+09,117
3.43E+07,2355.57,1896.42,752.455,0.299073,0.957002,0.73242,10081.9,9648.42,7066.69,0.28183,0.828534,0.483842,-0.177473,-0.450565,0.874925,0.942908,-0.332449,0.0200597,-253.53,-257.325,-202.546,220.398,198.992,227,7387.5,9660.67,9748.87,910.519,10.2815,191.001,941168,0,4.04E+09,118
1.64E+07,2498.95,2132.7,752.389,0.712409,0.387952,0.741305,11143,4322.95,3204.63,-0.512205,0.845305,0.152005,0.635076,0.253615,0.729629,0.578208,0.470255,-0.666735,-266.983,-163.072,-153.082,219.855,179.616,128.529,5738.34,8948.85,3983.4,-3256.95,-99.8668,1226.95,564024,0,1.96E+09,119
1.18E+07,1906.7,2356.86,769.731,0.546057,0.746395,0.608181,6148.3,4589.06,2790.98,-0.219344,-0.316134,0.92301,-0.280869,0.92646,0.25057,0.934345,0.204284,0.292005,-184.809,-176.915,-106.461,172.675,159.257,165.568,3094.35,4669.85,5764.13,-235.082,-806.255,-562.236,452208,0,1.41E+09,120
3.05E+07,2000.97,3123.06,762.452,0.438765,0.72761,0.771341,10543.4,7671.5,5917.35,0.770461,-0.635264,-0.0531862,0.409374,0.429085,0.80517,0.488675,0.642126,-0.590654,-234.493,-203.943,-198.797,214.477,205.49,178.247,8957.41,8107.22,7067.65,-1956.09,388.63,762.341,788584,0,3.70E+09,121
3.29E+07,953.455,2284.77,785.815,0.515288,0.715924,0.677043,11618.8,8318.21,5631.79,0.9146,-0.0809223,-0.396179,0.392288,-0.060035,0.917881,0.0980617,0.994911,0.0231631,-243.192,-186.784,-166.627,277.715,206.326,165.861,11053.3,5680.68,8834.83,-506.379,-1202.07,43.908,801808,0,4.01E+09,122
2.50E+07,1333.57,2222.49,798.749,0.398046,0.90729,0.663464,8270.24,7503.5,4978.31,0.969138,0.00321048,0.246498,-0.244451,-0.116712,0.962612,-0.0318598,0.993161,0.112325,-195.646,-212.071,-155.872,218.834,201.183,166.794,8221.08,5012.74,7518.23,82.2876,192.202,-281.097,661712,0,3.08E+09,123
3.42E+07,3165.34,2115.4,810.362,0.465422,0.650433,0.82188,11892.4,7735.21,6357.41,0.794015,-0.141356,-0.591235,0.602401,0.0524517,0.796469,0.0815743,0.988568,-0.1268,-275.589,-212.776,-171.25,258.84,199.08,197.735,10347,6471.8,9166.25,-577.706,-1937.34,520.144,831792,0,4.24E+09,124
1.94E+07,1121.38,2483.04,765.276,0.527129,0.902344,0.524048,7935.06,7160.15,3752.26,0.877985,-0.318735,-0.357142,0.39411,0.0578446,0.917241,0.271698,0.946077,-0.176403,-186.569,-202.575,-130.446,225.282,195.75,188.295,7505.92,4188.6,7152.95,-1092.84,-79.6483,656.958,606224,0,2.42E+09,125
1.10E+07,1179.25,1215.35,804.359,0.566043,0.799848,0.54255,5877.72,4701.28,2550.68,0.96862,-0.0704118,0.238364,-0.20467,0.318152,0.925683,0.141015,0.945421,-0.293757,-174.51,-194.148,-131.82,211.031,149.84,142.415,5762.28,2784.86,4582.54,-366.951,360.708,577.529,425952,0,1.39E+09,126
1.16E+07,3087.16,1847.3,785.312,0.70733,0.444919,0.657804,8644.98,3846.32,2530.13,-0.495236,0.754143,-0.431288,-0.848819,-0.314283,0.425126,0.185059,0.576624,0.795775,-215.854,-148.839,-129.334,202.115,151.735,135.82,4978.16,6137.84,3905.43,-1932.65,831.114,-2164.73,461056,0,1.48E+09,127
4.78E+07,1947.12,1623.81,811.741,0.72093,0.355223,0.785618,22775.5,8090.4,6355.96,0.946596,-0.201481,-0.251718,0.197134,-0.256117,0.946331,0.255137,0.945415,0.202721,-376.616,-243.151,-192.192,315.453,233.332,200.928,21136,7136.28,8949.6,-3219.13,-3588.81,412.364,1.13E+06,0,6.12E+09,128
1.61E+07,2561.9,2525.55,792.66,0.38052,0.842512,0.735277,6538.83,5509.04,4050.67,0.942984,0.185441,-0.276392,-0.129448,0.969367,0.208735,0.306634,-0.161055,0.938103,-207.395,-174.728,-140.56,182.951,186.32,150.157,6287.63,5506.63,4304.29,252.098,-687.904,167.559,546376,0,2.07E+09,129
2.29E+07,2464.91,3198.39,796.017,0.410673,0.854557,0.689628,8230.08,7033.08,4850.21,0.615165,0.0234544,0.788049,0.788395,-0.0154382,-0.614975,-0.00225776,0.999606,-0.0279884,-247.517,-208.183,-162.104,216.376,191.759,175.178,7486.05,4852.59,7774.74,22.1972,580.147,83.1953,665216,0,2.97E+09,130
1.87E+07,1385.99,1619.39,836.316,0.76638,0.463854,0.50365,12239,5677.11,2859.28,0.723716,0.429132,0.540445,-0.668535,0.630214,0.394831,-0.171161,-0.647052,0.742986,-232.052,-177.619,-137.539,263.691,176.484,130.951,9031.45,5705.75,6038.19,1725.85,2924.89,2876.52,647808,0,2.45E+09,131
2.69E+07,1201.51,962.617,788.754,0.521813,0.716809,0.667105,10401.4,7455.84,4973.83,0.987234,-0.0864782,0.133757,0.0624525,0.982693,0.174394,-0.146523,-0.163814,0.975549,-229.187,-185.183,-159.545,247.611,179.387,189.11,10273.4,7411.26,5146.42,-311.052,743.742,362.576,703616,0,3.55E+09,132
1.87E+07,1315.93,1926.37,785.864,0.556418,0.781199,0.567821,8102.19,6329.42,3593.98,0.830444,-0.491386,0.262492,-0.522429,-0.52327,0.673243,0.193468,0.696224,0.691262,-226.21,-193.96,-147.385,210.453,174.485,158.466,7449.6,5431.53,5144.46,-1091.87,20.6067,-1545.15,581216,0,2.48E+09,133
1.94E+07,3032.59,2454.73,819.78,0.590826,0.57469,0.71199,9412.84,5409.46,3851.49,0.887616,-0.250135,-0.386744,0.0886216,0.916742,-0.389526,0.451979,0.311476,0.835882,-260.544,-187.362,-164.055,193.413,182.987,135.907,8245.3,5508.79,4919.7,-1108.18,-1962.88,-18.3508,601736,0,2.59E+09,134
8.68E+06,2505.41,1022.46,820.8,0.52745,0.67043,0.704847,5105.35,3422.78,2412.54,0.906804,-0.128484,0.401494,-0.407379,-0.0222071,0.912989,0.108388,0.991463,0.0724791,-181.839,-123.505,-106.444,173.898,163.548,123.748,4794.48,2457.49,3688.7,-304.599,604.65,-159.393,349768,0,1.17E+09,135
8.02E+06,2969.26,3011.3,816.398,0.55946,0.668019,0.659473,4974.34,3322.95,2191.4,-0.492029,-0.195453,0.848355,0.859939,-0.260999,0.438616,0.135691,0.945345,0.296497,-170.466,-147.042,-114.931,165.377,136.992,115.157,3701.91,2374.79,4411.99,13.6611,-734.838,-590.988,332704,0,1.09E+09,136
1.45E+07,2119.88,1273.23,787.151,0.74169,0.501547,0.515026,9682.17,4856.07,2501,0.839382,0.543457,0.00961179,-0.540546,0.83277,0.119598,0.0569918,-0.105584,0.992776,-221.94,-174.158,-97.9999,218.048,154.132,137.041,8248.7,6255.18,2535.35,2215.68,-94.313,272.07,503064,0,1.98E+09,137
